X1,X2,X3,X4,time
0.055979044793103984,-0.0021376940044431636,-0.08154981451478904,0.3702411236845389,0.03155277077496269
0.188910149079573,-0.12767485758203095,0.219402650068103,-0.00529489449419659,0.2852963109712502
-0.18714106323854318,0.04985307691282917,-0.03860303020732666,0.05969892566604325,0.3960701659123449
0.10318445394686349,-0.30199929356303606,0.1347834505814236,-0.3157338168212036,0.4803142006290137
0.1866256891656637,0.35017495919332653,0.08019381189664246,-0.009046714793798118,0.564558235345684
-0.20359559378963904,-0.3311971464551944,-0.09830536318057968,-0.06785799540409623,0.6488022700623526
0.030282234224450488,-0.1067419203359363,-0.0028305757099541745,-0.06800691981080893,0.7330463047790218
0.08241713675994931,-0.03562930881536335,-0.16351636387509158,0.28105546148076116,0.9021901893885083
0.10195470247838472,-0.0720784335940318,-0.057347667185541185,0.05584884260278014,0.9864342241051779
0.03723141343394099,0.011713386580482429,0.03089933538313362,-0.009860280964186726,1.0898761269748514
-0.003754585465154184,0.022665225842025665,0.1055092312487094,-0.03606614878739888,1.17412016169152
0.05116532346886656,0.048012370480500034,0.08390309893843922,0.07075386564318414,1.468397431762153
-0.012455513635630112,0.10315394316330478,0.11158269622419885,-0.08169004287071982,1.618066302122242
-0.13352946277446726,0.07836056603172062,0.07431315846418513,0.008617408078998214,1.7023103368389119
-0.20031580271381272,0.019610188509778755,-0.0361086070410518,0.028339373572907375,1.7865543715555794
-0.05584325898304934,-0.01105958228296757,0.035211425049072424,0.516492630691122,1.8707984062722522
0.038407031808010375,-0.06004665731101485,0.031519339671240015,-0.1196557096254854,1.9550424409889193
0.15760526268497166,-0.0773745768349164,-0.05708436742517123,-0.277591711707586,2.0392864757055884
0.07418621713099069,0.030071744487661426,-0.10838894147092876,-0.2687987516966031,2.1235305104222597
-0.20506286640677415,0.021430273966457077,-0.05843625766622682,0.1004476161514214,2.207774545138927
0.0560191875781542,0.12840847124732582,-0.15560364455965014,0.07682108300789173,2.2920185798555983
0.0174187386163511,-0.1085727206591805,0.15154272644288602,0.003975366324349188,2.376262614572268
-0.09729477539162279,-0.08466441988623047,0.18167895783067575,0.07029414083320072,2.460506649288933
0.060086254778364635,0.1023990423192102,0.07346382208837916,0.1007066375818494,2.544750684005606
0.2251362264906956,-0.20982218202664513,-0.0634175103920582,-0.10371571413763828,2.628994718722273
0.012996845830101703,-0.05616346620655986,0.007699659130385728,0.49162425826252215,2.757731856214142
0.06654298962833947,-0.016118096150120595,0.042283412058570266,-0.027463587553811838,2.8419758909308115
0.16247085365202527,-0.04535206020629955,-0.05015704760368933,0.021322583641419035,2.926219925647483
-0.1016905633132651,0.04033507217103654,0.28950322945772217,-0.08895226071644802,3.010463960364149
-0.11176477891544412,0.0005744333058625845,0.11703531515554662,-0.06607091711766297,3.0947079950808174
-0.034493341292509805,0.11133544985428863,-0.009066692549715758,-0.12825699291847412,3.1789520297974905
0.025837781923952773,0.13341100607104306,0.039285935058968054,0.04411115708627629,3.263196064514158
0.07328716429846091,-0.007608642602820995,0.38854511417883725,0.27286490729760104,3.347440099230829
0.12210565293740783,-0.23613895248053954,-0.04393249013585578,0.05295256434646979,3.5962107465422606
-0.05723748127655075,0.11335138721063112,0.23140790707614897,0.025470734937789962,3.877612405473088
-0.0227749890309484,0.05208528134993819,-0.14279917441969103,0.041661961410408815,4.015220671772362
0.1424157173467963,0.04830955668801208,-0.03919022520582023,0.044552361281053825,4.099464706489035
-0.04283100406187435,-0.03061069139502623,-0.019816956526377796,0.05040196446284077,4.183708741205704
-0.020758327527462615,0.12982436766327146,-0.06826833247610771,-0.0034337547146867952,4.2796438782765405
0.10363587929778374,0.05871192589286506,0.2807806095669926,-0.3310101097683018,4.363887912993205
0.010541103233632028,0.017392012422691335,-0.055244042413058886,-0.048551953513105095,4.448131947709878
-0.10068611532171347,0.04589422247326322,-0.09796168591649183,0.010234291054066123,4.532375982426543
-0.24303444925106235,0.058127943013995195,0.24303315165802064,0.1368726667246215,4.616620017143213
0.08304734549800608,-0.04213472364795337,-0.12228600305288852,-0.06926274106524521,4.816347779639221
-0.08308785606365854,0.03546823098549807,-0.3040450627312496,0.03593397420360854,4.9005918143558915
-0.012621334387726994,0.08486058813728561,-0.018130777988643314,0.41939039861113425,4.990840269780755
-0.037748596483936706,-0.020259418477094136,-0.19696093007115745,0.018652950027250745,5.075084304497425
0.034213077137753525,0.05303427939332769,-0.19853840202882705,0.04083287003909486,5.159328339214085
-0.09101492885792527,0.01926047367069815,-0.16121556823900737,-0.09034314390937034,5.243572373930765
0.004805832201421367,0.03618890463896636,-0.16914328036433027,0.07317132341589318,5.327816408647435
-0.07859629006102954,-0.0025768147806007266,0.022734649081224825,0.005257036467302729,5.6179628614840915
0.1368177533672058,0.09479160706040413,0.08788507525564662,-0.04952911384576579,5.741597626761685
0.009689127296124846,0.13106307221345778,0.10859129080940826,-0.00107733980278694,5.97388322610946
-0.28989789341448924,-0.12727261011557336,-0.057435791101464934,0.015111333008930144,6.160025019168348
0.027874495926129447,0.03671462690630278,-0.10089462225280824,-0.2051221261258338,6.244269053885016
0.06534997118497651,-0.20522391580998,0.030099651690668874,0.5019967404209391,6.454698008546844
-0.030579977202661264,-0.01857107946988096,0.10918086888116355,0.08397651138147295,6.538942043263511
-0.37123747187405104,0.0427565391791484,0.306401208861699,0.0925948446209442,6.623186077980175
-0.120274679940443,-0.015013545923014175,0.005700717814723113,-0.004720968919904676,6.70743011269685
-0.06221966123679122,0.11449940401814429,-0.23877368968640708,0.16378914593151206,6.791674147413515
-0.11762684183255136,0.08151433632421816,0.0032768668788566418,0.04576757129462561,6.875918182130179
-0.1309367439827467,-0.09715818249410263,-0.10362728445446505,-0.06545564414571076,6.960162216846854
-0.08116979378816007,-0.13834132605811417,-0.13128538664013806,0.1537498648542427,7.1055480005097955
0.020187551900488154,0.0737177005880821,0.007549116914785031,0.03850369257991572,7.189792035226457
-0.10234396622203927,-0.07309160656436708,-0.13558350146940917,-0.10686181809229331,7.274036069943136
0.11697333764765765,0.06657602789869276,-0.02043196619102832,0.04172980874362725,7.358280104659799
0.04521372222437975,0.11450902856451523,0.06652769636886446,0.010472830295288067,7.44252413937646
-0.11388085827750093,-0.006672371079335477,0.131785817297074,-0.07055019082220608,7.5759170525825
0.029822166469953323,-0.09259320722211842,0.17049299896857537,0.08645519128891871,7.660161087299172
-0.04032196038819541,0.07354840219357549,-0.046802104041110855,0.045195456861207836,8.016687097570012
0.15120644683005952,-0.5039194826816821,0.02945231090898545,-0.0338879106545522,8.13795282241773
0.013073577162568913,0.018715361905067562,0.04773035412172704,0.09437755335884515,8.222196857134396
-0.017011411891875217,0.004198321276899913,-0.008434880226528491,0.09593698597943788,8.306440891851066
0.03466528095156917,0.0847218895796455,-0.039547094569614846,0.18581572175580563,8.444873141144065
-0.03325246845161283,0.21363407736652718,-0.06556220629527346,-0.009446284439588306,8.545318973706385
-0.011927831724164546,0.06272616294380044,0.0018474721754173705,-0.1145854328833442,8.652169790342557
0.16756844466802612,-0.020366351071664904,-0.05758717802643286,0.07321885433736038,8.77285617258286
-0.31250053554556867,0.04068200494918887,0.0828725588145234,0.013121988397953482,8.857100207299526
-0.0013989829521319575,-0.12336858401558495,0.03167101531895283,-0.13538174879780915,8.941344242016193
0.02536207845043964,0.11516465090627152,-0.10148575482100274,0.006203553277207162,9.025588276732863
0.03944166570160867,0.09348329163809613,-0.20794490515773084,0.00955212004952434,9.18816882573286
0.07216706145817944,0.01692666037072706,-0.03566306306389465,0.16533366824962104,9.27241286044954
-0.15503688753118827,0.03800523247723152,-0.015133934687882784,-0.027332728027931543,9.35665689516621
0.09080793021912968,-0.02325813459940317,0.18909472767883054,0.006994874445375162,9.440900929882877
-0.032931679391216474,0.03694096030958097,-0.1698989105525731,0.14513473722656217,9.525144964599555
-0.06089797417507856,-0.3593717719599264,0.012797832454830653,0.006024704658185154,9.609388999316218
0.0554162108669822,-0.04636093699901001,0.021119336229880853,0.10908778166374129,9.716186423580975
-0.15815826652412213,-0.07331557637894726,-0.12521562928965166,-0.034195878986723986,9.800430458297647
0.03830330823721499,-0.132919041076065,0.04449205170422035,-0.042119151166800275,9.978560609349078
0.050031231579273486,-0.04689650286279714,0.09070808605318509,-0.0845715514394294,10.062804644065732
0.046742887347852854,0.17087917822614415,0.04291396344284724,0.013651269839356968,10.147048678782394
-0.20409952465279013,0.18143476753790538,-0.04830215464227594,0.13237252081276726,10.248871008039155
-0.08473554359822778,-0.14839412561007717,0.0527861440120954,0.008856904896209779,10.365437248051872
0.09033622200937994,-0.1607951477437591,-0.09427235779854042,0.12254381613874782,10.449681282768559
-0.2011748851352581,0.11135838061014817,0.033412416502144035,0.11673405464022257,10.569730683570896
0.019033064762336203,-0.013684215584192591,0.08414426639347161,0.03321052671659022,10.653974718287555
-0.15657271226307987,-0.024139407649503786,0.0031815646413773614,0.03810005312315611,10.738218753004235
0.017258873076437142,-0.2393601605478319,-0.12365863633379154,-0.05708596034997472,10.822462787720898
-0.38258046084173936,-0.4132195422666534,-0.0728131847346419,-0.14371499169476107,10.90670682243757
-0.18719767818197117,0.028265207526361198,-0.14769166084287758,-0.026923876371730424,10.99095085715424
0.17041836755628698,0.06241689156570627,0.025230556547238433,-0.04791556978459749,11.075194891870911
-0.14713855109293145,-0.026247546633350258,0.0055120056759811655,0.09581268514290749,11.159438926587562
-0.022068039807278794,-0.032309378419008015,0.055577953851552446,0.044268532131908046,11.24368296130424
-0.3753427131439447,-0.016025487568195357,-0.052190969923728445,0.033752106406693065,11.327926996020913
0.05155564601840157,-0.08580031561897623,0.09818391610899944,-0.054232748924328396,11.521713395446914
-0.044809531502878135,0.020852249343763507,-0.029562344727148755,0.022705007646765703,11.605957430163604
-0.08205642241316945,-0.2975358582042694,0.03901624255432193,0.11318659130449837,11.690201464880273
0.38376985211127196,0.16201496250974048,0.051662709952818464,-0.09168183064766292,11.804658520584763
-0.11388655181146648,-0.01016026971268237,0.07194090911820741,-0.007995266344534993,11.88890255530143
0.07083911821619339,-0.05347143548474786,0.13522767605954306,-0.024477098182859994,11.973146590018104
-0.01187948073270257,-0.04482186416367716,-0.05946104819932032,0.05176776160925782,12.05739062473477
-0.19756616488003936,0.03015858739809515,-0.10188189810250366,-0.020187326722510338,12.141634659451432
-0.00495576166324654,0.012111826667593592,-0.0537586215463362,0.26444362430139495,12.357207039208323
-0.051531912685797994,0.1411830413562191,0.22432132784752037,-0.12116792585650842,12.491003020121228
0.07419427828842608,-0.010641125730517143,0.002333846633916203,0.008211291782723479,12.57524705483788
-0.0821404877381,-0.15208228609007737,0.1271195140987432,-0.012970607667310343,12.74138257116642
-0.32640774330905303,0.00010582925415574419,0.06685669839428487,0.05961720820478009,12.873061413783441
-0.049824252630119456,0.08758029267433119,0.09970404691466553,0.11172537332603065,12.957305448500128
-0.17086298057003532,0.07381265381145492,-0.18611733929470545,-0.01875939243760816,13.137608613201742
0.0893262665502356,0.03172126993313601,-0.22721186717402483,-0.05507335938379191,13.221852647918404
-0.07938841129862166,-0.0038950441018683404,-0.011394616195583572,-0.19976562240313786,13.354805227777064
-0.19327836774801374,0.04548890607991684,0.18164785625772442,0.06314360760327788,13.537410935153385
-0.05052247075923348,-0.12190621615779698,0.046927084700535644,-0.21995461307945746,13.621654969870065
-0.03576384094873117,-0.15840844071873472,0.0837685564130851,-0.05989742833999112,13.705899004586728
-0.17131388099639464,0.048951797723063975,-0.0006315518999720188,-0.023875200964293856,13.7901430393034
-0.04203474062784074,-0.15571771271028234,0.009575394223801431,0.02907070260039367,13.87438707402007
-0.12402218991589062,-0.22562852045709755,0.08172834848931654,-0.017632969591722374,14.01157002311234
0.025297875480671753,-0.05065727372148191,0.0725591653543964,0.04347420975806002,14.170163856029147
-0.01244726285284382,-0.213678646513861,-0.13986105013429403,0.003665520597758538,14.254407890745815
-0.022568975418958345,0.02697295474375739,-0.2460345204149799,-0.007010118364476841,14.338651925462496
-0.09715649254312853,-0.3202879083005153,0.08167343982546027,0.09911778864848342,14.42289596017917
0.020033072731717387,0.15690318038139567,-0.11587619614367048,-0.14659253094928512,14.507139994895828
-0.19359336386496553,0.15301453171002616,-0.061547551460955946,-0.0030764013184075194,14.591384029612497
-0.08742557886892867,-0.12558824078050226,-0.12347493296471088,0.08273944464445343,14.675628064329162
0.18392242647256435,-0.09693560146159493,0.0065409527224357875,0.1516414933709491,14.9056312682071
0.017587621067928695,0.2089667073882325,-0.157340277263834,0.027843655522710682,14.98987530292377
0.25709403632361266,-0.08575136870231899,0.31001328558333413,0.4588774831030768,15.074119337640443
0.3297997989262893,-0.0678692897182698,0.09131933259723019,-0.0642874098195191,15.17142906354267
-0.06987953213442576,0.03552320334194182,0.05303209397816811,-0.10381330114242215,15.255673098259365
0.0720627454482552,-0.1648099886354738,-0.01501860645275688,-0.018017056440352827,15.541545976477654
-0.02219554985241682,0.07110309460547448,-0.05327371451839506,0.13342866304768622,15.803734634342597
-0.08268375943165009,0.1819323067205504,-0.1517876580685155,0.07437467172703746,15.887978669059263
-0.0384208914332743,0.07554369363824746,0.01727099695330554,0.059739557867633436,15.972222703775918
-0.015727492330282082,-0.08922649196596918,0.02446048913194078,-0.09751484602050366,16.056466738492595
-0.03992322300773708,0.049157054319212516,0.04526056588910387,0.040552636104482544,16.1407107732093
-0.050293489799650114,-0.01764180412521909,0.012053074534376738,-0.04859969580304246,16.224954807925943
-0.011536384391054076,-0.11483582053414625,-0.04070541311701009,0.05708988656168552,16.309198842642598
-0.17705804278917223,0.1427340653669587,0.05999706448895741,-0.10910017461762296,16.393442877359295
0.08289057611928677,-0.15737906217391612,0.006775408089755857,-0.09974422422769152,16.477686912075946
0.06784945937346089,0.12852548087759746,-0.056859045280124816,0.09562700139029676,16.561930946792643
0.04395014221532962,0.0002188224564260527,-0.01855178041088503,-0.1042267253829014,16.752146399479017
0.03934392616552957,0.2720202561512379,-0.22244358176765888,0.05923821351300345,16.836390434195707
-0.04537940511824104,0.150645386434924,-0.04167307612216686,0.09113427505938725,16.920634468912354
-0.036456987118552255,-0.03430476665377813,0.02832169108721219,-0.03918086459802644,17.004878503629037
-0.21755311903519645,-0.028815707297899264,-0.11101608606297751,0.03384817061333802,17.34218992874485
0.028274448516520653,0.3274458666813938,-0.09613451813154027,0.0041442167920407854,17.42643396346153
0.09050769242821832,-0.060988755433678966,-0.18444931313878185,-0.00311864788096712,17.514718302627383
-0.07186264680179714,0.02788855194915032,0.03630883763246857,-0.05075314511673984,17.628220486629207
0.08886254980799912,0.13214372320047085,-0.08361573895960708,-0.1433734638078218,17.712464521345858
0.08694485367143404,-0.3459597576981303,0.020491164789943072,-0.06788187384821323,17.8155250823243
-0.1667111964068582,0.06879650358391615,0.17687293361077372,-0.012103613530393164,17.89976911704097
0.1852702429717652,-0.16056036677230723,-0.08677432519002565,0.0702618405258594,17.984013151757637
0.0652556028858182,-0.08092328576938919,0.01894879220751511,-0.07028493890973521,18.068257186474295
0.06818166867192421,0.06470255219918258,0.04188651091610626,-0.19686357903830226,18.15250122119095
0.08554621277251077,-0.009048690652419868,0.03274584099463359,-0.06807352189364466,18.236745255907657
-0.05073418774705758,0.000849325121502141,-0.217285884919812,0.006784363588936191,18.379324542157022
-0.19226405087882428,0.09548446541041346,0.048030855358822025,0.1451950705968229,18.463568576873666
-0.033259530270577584,-0.03389860703168717,0.30044984478717107,0.12563014305940068,18.547812611590338
0.01159515160241478,0.027709497992202837,-0.08898553911034963,0.12828449426952074,18.632056646307024
-0.10152153716854227,0.051461355165480935,-0.07055690674015215,-0.14412983685796937,18.71630068102369
-0.12455221096826494,0.006986894226606431,0.005961504471818403,0.02491504416176788,18.805659330916285
0.11958648378548942,0.20885493914766276,0.06321350292352763,-0.17875107219882072,18.88990336563294
-0.03323209080651382,-0.12408813795839943,0.05135563430619774,-0.08827433334728142,18.974147400349633
0.030613666078498743,0.048154361902222005,0.31622168426396813,-0.391381147607426,19.05839143506627
-0.008273621876490344,-0.07027200257319824,0.13138825194223866,0.1474446040547412,19.142635469782952
0.2751413281299644,0.010981135305370676,0.056155705257170105,-0.18703362565069023,19.22687950449962
-0.013822522661482957,-0.1975199435804142,-0.029756711893409827,-0.003845730935240799,19.319529939156133
0.09640776811038684,0.07914759341320546,0.011173050421107486,-0.00037603855810271116,19.403773973872788
0.029326744373885643,0.06630048522355889,-0.09816637598588952,-0.07524788518322217,19.621512918989804
0.03589177223606883,-0.11327909669178556,-0.0029765912924250657,0.05675107756433013,19.705756953706505
-0.029148634157565932,-0.14055404388914758,0.0540602968953744,0.09255133181667126,19.79000098842316
-0.04174398414066839,-0.06092281460137642,-0.09422957880915264,0.057648736436484896,19.87424502313982
0.05637047031893423,0.05339654836648865,-0.06565536003382673,-0.014216083287428264,20.077756675917357
0.04459821779740965,-0.1551870892458541,0.010910511101872244,-0.042553270478666284,20.242557488739834
0.2404425857001773,0.5351357123240778,-0.05010832377533149,-0.2512639811200489,20.326801523456513
-0.06849751169738022,0.14388993141659037,0.10904590759265162,0.029227997823896526,20.41140462720084
0.022151041811675383,0.10593825759950969,0.07690632929035623,-0.011468964414661045,20.54467555859115
0.040332469097967394,-0.2220027915649942,0.12048743406120874,0.04350981029559492,20.628919593307835
-0.05466245079938211,-0.11198771435494914,0.0435986572650661,0.14860075080763488,20.713163628024528
-0.030008288524360514,0.09361476369655403,0.2571707609975823,0.00863134124881497,20.797407662741165
-0.017210732461587372,-0.20651587695321785,0.17788769131494897,-0.01652172584862184,20.881651697457844
-0.10886303167396998,0.1024512301022134,0.5492208352518371,-0.28084774777806476,21.05984357534495
-0.19513690509063944,0.00411995702389735,-0.06938533997994996,-0.006303623783592752,21.2402293134099
-0.0052007324111790956,0.04938844942984637,0.0910252740535917,-0.06490247035686063,21.324473348126553
0.06476362240396907,-0.11468081596776118,-0.17497849377090882,-0.08970704096841912,21.408717382843225
-0.0602612455496825,0.006722015845069209,-0.17713066191105023,-0.09744266976788908,21.49296141755989
0.08841596274514932,0.13829521337650297,0.1838498656777353,0.017428838367834466,21.593992630326017
0.002628294922379293,0.12298374473790837,-0.02669998126392668,0.12819859587117066,21.77141765477184
-0.0016238396938712408,0.034391162366117854,-0.07385241712150555,0.0120372780311001,21.94131922555634
0.10656989651858854,-0.05432767628546793,-0.02972131115140264,0.28305080120626175,22.05904586054009
0.0898204394865942,-0.022787455617057535,0.04776362934160961,-0.08186737985776611,22.14328989525677
0.05396157507677393,-0.034635294216409936,-0.06275875458324154,0.04584039733869818,22.227533929973415
0.07376027593561611,-0.017551303457585606,-0.20749212992901908,-0.21206935604966878,22.311777964690084
0.03987053980975708,0.18507103211794299,0.002233754017950743,0.0030947406445964018,22.489588854081184
-0.028414485933773156,0.028734387337404747,0.06736139336495253,-0.147958049646575,22.57383288879785
0.08532450568810758,0.12707618888107763,-0.05339488241673983,0.014833999005223232,22.658076923514503
-0.005690701176962562,-0.28014012496421975,-0.06301878662512947,0.07586067586425267,22.74232095823117
-0.05661913673969363,-0.04436254236207599,-0.3804105129572075,0.05697839877261667,22.826791769554763
-0.02808613396942981,0.1540207250798678,0.20834033180118597,-0.09863234023310932,22.911035804271425
-0.0706404691163957,0.0070382683863123695,0.04302249880014505,-0.2989117513373522,22.995279838988097
0.16831548450963577,0.17112292338068535,-0.02999088108169537,0.049964813976783644,23.079523873704776
0.1225707703799729,-0.025615604152566248,0.040908674549695156,-0.05109377829558838,23.170791191342545
0.05407101642782422,0.19935969023740324,0.12884019907090277,-0.08383016608528655,23.255035226059192
-0.10029924559689708,0.3297497982367444,-0.0646195146410933,-0.20044542705992618,23.33927926077588
-0.03457823406879107,0.21051061664413587,0.06703093509417671,0.3427804347003714,23.43578286818157
-0.04122775142961268,0.018220998363958518,-0.020790500132433335,0.11124084231339997,23.520026902898266
0.11716382571375555,-0.08140691706613117,-0.001958630524831851,0.09967871701851569,23.604270937614924
-0.004837516565833396,-0.020394699568011737,-0.10376075170666643,0.04003077050236257,23.710553744451985
0.052648561950143224,-0.1841064886678028,-0.034187143382786264,0.015996209664672446,23.794797779168682
-0.018311025018059875,0.0436824486783063,0.052801885618924495,-0.19603198776913577,23.941234784548858
0.0015722702129504363,-0.052096799507362894,-0.14920904939810195,-0.07846369070888519,24.025478819265526
0.043862008314568844,-0.00876255846697028,0.07278918555879099,0.10468652797490706,24.109722853982223
-0.1967058699916179,-0.0016585890821224241,0.004034432956587565,-0.047605939794315176,24.19396688869886
0.04544687971557164,0.09438651541232408,-0.08026954810765989,0.1280303165750781,24.278210923415518
0.21435741072149514,0.10899401610394101,0.029173019298925833,0.0362255551366133,24.362454958132204
-0.17800072675554862,-0.023798093050885264,-0.1604618247543701,0.02514797890245684,24.44669899284888
-0.20473989875500231,-0.24638055786702145,-0.011270699418247604,0.08545259005527309,24.72577713018565
-0.008888869896607017,0.009293213321811208,-0.17165274584977677,0.06220047423209327,24.810021164902306
-0.007919472377085422,-0.07053292931392892,0.12754340247415338,0.20510314794366002,24.98139862033278
-0.28601486425718725,-0.1082122644964159,0.03153684718347925,0.10486241398929744,25.06564265504945
-0.25463169769944427,-0.1748845088560897,-0.03888744604458316,0.01582510199402289,25.187367631362022
0.044513951812227615,-0.0747898536973424,0.04731966141943705,0.10463147959867515,25.271611666078673
0.13499562840817317,0.09004151404596614,-0.004079310017709363,0.02729895842231384,25.355855700795342
0.10405720797439427,0.011926303846240697,0.12439909950409635,-0.32250610729168905,25.44009973551203
0.13294125497879164,-0.06305697305862412,-0.09172231949126078,0.33818399945605543,25.524343770228686
-0.014004405683941873,-0.05692484130838978,0.08005202607814331,-0.0630775128937134,25.622728942703198
-0.0006361414175107705,-0.0968648360263102,-0.040911787698338385,-0.006689263634076086,25.706972977419856
-0.09239426648416837,0.19164404102577454,-0.12705696846017736,0.023503937044437456,25.79121701213654
-0.12349344644860911,0.060956327506050255,-0.052652872953329655,0.007935366195870592,25.875461046853204
0.039515624357039356,0.031950407162112573,0.06139114887834636,-0.3382735322686886,25.959705081569886
-0.15739629131359043,-0.020678168891106168,0.06444810743091493,0.08415084709284928,26.176053686943142
0.1171060215908532,0.014675717290207314,0.010627656445245501,-0.027058819115077005,26.41150538101903
0.22688193769663328,0.472629919017229,0.16249324764024511,-0.24258746752368981,26.599461855519998
-0.13575356169230718,0.024998271365386918,0.05011308870048804,0.05748000065831327,26.68370589023666
0.12381272927257267,-0.0927706602721616,-0.11354961164165614,0.2651031155157124,26.76794992495334
0.02411354217730754,0.10607068721985358,-0.2485217642423714,0.012494140951774533,26.968585116614477
-0.004696772960242172,0.07593604228004239,0.053481284740469495,0.016590313822874184,27.052829151331153
0.07187869731120228,-0.008752569526109824,-0.08078696558177437,0.20375279482651687,27.311126966522767
-0.05929581628334579,-0.014605180889389984,0.5403919787522197,-0.010144731614252422,27.562005418877693
0.04112129305743597,-0.12203741642930846,-0.05483397857339141,0.2141614590843338,27.7067209809056
-0.13695989380363302,-0.023498319281310465,-0.16676529580122829,0.06454038269128093,27.790965015622312
0.026189517867110598,0.11104182549707457,0.024301155166137157,0.1701811106935279,27.875209050338945
0.11463094829341859,-0.13842163039717723,0.06139054825035403,0.14979030929000603,28.018748093942623
0.04223879241583703,-0.002685673580780758,0.08711562849599895,0.23175261002029443,28.102992128659295
-0.048266219333798946,-0.21924405661987895,0.21150754137710046,0.1680659203551009,28.187236163375974
0.09274145043881842,0.05524120760661297,0.11332317126403729,0.10656557146761354,28.271480198092622
0.019117193969126083,-0.0956599756263476,-0.20290412091004917,0.023856196105876734,28.478465310715407
-0.09041741180314804,-0.013343040372603861,-0.037985854213531525,-0.022285115067956093,28.567842252198837
0.14115104184341368,0.012734123086496437,0.2712985641334051,-0.23075324146975595,28.65208628691548
-0.04068464417974108,0.0352736699474499,-0.04361228450467193,0.005933243465136677,28.73633032163215
0.09778248195830157,-0.0015223252621664905,0.015552330997182943,-0.3035430420530062,28.820574356348807
-0.07291449642506702,0.06656527873000788,-0.089569842936122,0.09080756744499775,29.16635748173208
0.4221656573290365,-0.0707110988738848,0.14236158997713963,0.11063832187775278,29.250601516448782
0.050237964541935666,0.023125613412333254,0.11354936657561028,0.09612420499184164,29.33484555116548
0.5159161809676055,-0.21781384634048975,0.06563094337067514,-0.2479979510857775,29.491411989593264
-0.052786912193775785,-0.11609577022257983,0.021881397598366336,0.017720751739160476,29.59198058261193
0.06797104784692656,0.013815667799935037,-0.06174895399235464,0.09397022321246709,29.6808887844262
0.022145488414711114,0.003923733412381526,0.020373079295912096,-0.43419947949009596,29.771129197580542
-0.16985037860139338,0.012432338873617372,0.014755843940562317,-0.06337925989853266,29.85537323229718
0.0969343417466338,-0.015092959370523682,0.031093151403842348,0.1569441319221812,29.93961726701386
-0.011376910698803002,-0.10633345797065583,0.21879194954195538,0.13428892203519263,30.062908715113444
0.1616186478748446,-0.3068397270183917,0.10815140321796594,0.06053469462313332,30.18638283374808
-0.06441633178337369,-0.0782935382390165,-0.12055778934906938,0.1290131796272939,30.33622574745377
0.30662230876746716,0.03877916930454214,-0.11525501539236106,-0.0499280095293766,30.51749657313985
0.019108191450832725,-0.08429182799557292,0.0026972197223406767,-0.04056954970673497,30.60174060785651
0.1710140267256573,-0.03004559357379081,0.07241600889438363,-0.06239121881883389,30.685984642573217
-0.06978916406387702,-0.016683673934696677,0.10330907610658333,0.14005848846947058,30.804415245668075
-0.041058383477683445,0.003317760221593622,0.03610461212018481,0.02564105854382288,30.888659280384754
0.12013749179951157,-0.046475134692384706,0.13263756096569454,-0.13332681295641957,30.9781182614595
0.0012283310933852145,0.1250755778925045,-0.026477182653018863,-0.007712849545595041,31.095482023223756
0.10881097165612105,0.05447250057808884,0.13249186127566534,0.11365109322368795,31.258420978910003
-0.20868703958105772,0.26144487552569967,0.047902911604668794,0.034091342576526726,31.342665013626682
-0.04506823424748853,0.13590867456877587,-0.034221268001375496,0.007552959058043376,31.426909048343354
-0.01848812804590262,-0.016563407203491094,0.08809936361478099,-0.0937956864947465,31.51115308305997
0.11300553327673085,0.4787321943681877,-0.0010220555998427215,0.1870861105432894,31.595397117776667
-0.013870813005828148,0.0521283038806762,0.0462206557585501,-0.03304183638836279,31.67964115249338
0.04326137361432337,0.002435729771461499,0.1441380203546347,-0.18600474411933185,31.763885187210022
0.1032594474455816,0.42145941788291746,0.1349140262284457,-0.16310439806812715,31.848129221926662
-0.6721462036398476,-0.0430490279723873,0.14804249426743057,-0.0760283051486331,31.932373256643388
-0.17770705763741718,-0.1162694090938996,-0.21109509311114485,-0.005414406641299725,32.01661729136004
0.05767927368362409,0.2551638764108745,0.02376076261647643,0.12709166302278818,32.100861326076725
-0.01620639372668274,-0.02382891425644382,-0.0592974438400079,-0.11355071785324627,32.185105360793365
0.012580052796688147,0.08213472061295865,-0.02234671052738621,0.09395406894285976,32.31226380822035
-0.03822195746800164,-0.012223081986065178,0.09522504481325988,-0.14472274526898304,32.39650784293697
-0.19743742495616615,-0.03739040631780363,-0.046133311703494474,0.032479756148707496,32.48075187765369
-0.050747227458078865,-0.030392285803870833,0.024769985539207645,0.04984997520455381,32.564995912370385
-0.29726673639720885,0.04800277218674247,0.1464762212637597,-0.21934991184323654,32.67287942507342
-0.1379390495332249,-0.07249726555325448,0.19157166828226888,-0.02119572834863081,32.757123459790115
-0.1052290893629308,0.1106217327176484,-0.04188678409579373,-0.019803931116651245,32.84136749450676
0.08027228488358826,0.18279940401100106,-0.015593965665390246,-0.03729715141412892,32.92561152922343
-0.037943752966286756,-0.014153860287946348,0.12018750298797591,-0.03130638605815827,33.009855563940064
-0.020961661892485457,0.04702983427147038,-0.006509161740130004,0.09099271421653396,33.09409959865675
-0.0007256716395687484,-0.0839057036395462,0.10469749892142087,0.061012563388511985,33.178343633373395
-0.13696041452631044,-0.08539441487064299,-0.5984362635424822,-0.2516590343089103,33.26258766809006
0.06829923926650493,0.12466322709790993,0.30177817846367244,0.017525321231936793,33.35744250051587
-0.02372709372570487,0.021861812890986217,0.04142513632181487,-0.033875419285099094,33.630074338063096
0.013822993715694388,-0.12738826104619436,-0.08777876655443777,-0.08475593415350896,33.71431837277974
-0.05336999507653281,-0.22244762762457143,0.06718025039443255,-0.14046546019398282,33.798562407496455
0.07487079609446332,0.18792094183994562,0.07456420450268862,0.02040548982657944,33.91415354033821
0.3188857996216286,0.09591827472411202,-0.08478370247354146,-0.17709460726883222,33.99839757505488
0.09112638271728228,-0.25899138934621885,0.004721548207723473,0.00289352690713192,34.082641609771564
0.025929212317188092,-0.0031136609886650408,0.003781062913281495,-0.014568188315489925,34.166885644488296
0.010165032999468845,-0.1405520164546024,0.11757203538582857,0.020580090048357973,34.251129679204915
-0.0512313254391004,-0.03667191867836584,-0.03914381506466644,-0.14029225928160816,34.49035190966497
-0.006685189609461259,0.08067251733915698,0.07757380114839406,-0.05727322688218223,34.62146429720801
-0.03149890961490872,0.12357760958673399,-0.16131652361297916,0.003018610918761876,34.70771649115363
-0.07353672044981735,0.0259320224973781,0.020175837050221055,0.07673335234628283,34.79196052587033
0.1723562218816382,0.07368587062155334,0.045689770531381006,-0.05010481130799571,34.87620456058696
0.0041273417579651625,0.34900470320642235,-0.07177617788763341,-0.20073451313447238,34.96044859530365
0.13588411148465884,0.10917144434782836,-0.11419250303160498,0.20464201214116157,35.04469263002031
0.09158494031258081,0.19967470846917287,-0.08623096844706638,0.09088111276981058,35.12893666473696
0.09585489463662965,0.09084985283427525,0.15894067817589128,0.025664258164917957,35.21963317535781
-0.06991674892656988,-0.145467499220634,-0.04872079805467061,0.0021516871098397547,35.30387721007443
0.09589315896057751,-0.016881758889918996,0.06362333656435927,-0.10954768014705947,35.388121244791094
0.0009556425492093317,-0.037609926665479375,0.06138404598341371,0.020226485984735226,35.612027570904075
0.12943646493984284,-0.0028352127690553473,-0.19830258228702602,0.011695327056120383,35.708500317574035
-0.05415878336283933,0.005483350334526359,0.0021183694364558035,-0.04716252523966822,35.79274435229068
-0.1541771296972544,-0.016061765705828644,-0.048134322533003586,-0.0006995408975469658,35.87698838700738
0.06686254448622855,-0.31236069303675834,0.0856628427537928,-0.13135367025787753,35.96123242172403
-0.004503833228192399,-0.022847823601055386,0.16970582408308105,-0.24263897874035037,36.045476456440674
-0.05608726013431057,-0.04969664023509089,0.10781114364998039,0.606830147710418,36.12972049115742
0.05027233555521353,-0.04652804685513782,-0.061790967429929844,-0.1118721026372693,36.23171577823044
0.15133260599144677,0.4704693858904897,-0.054605926553201664,-0.04223395027892652,36.31595981294713
0.01017745953078,0.0503143824061359,-0.0821786475870464,0.395213107430833,36.40020384766382
7.447127825941638e-05,0.09070620693728783,0.01745785282591656,-0.034725157767347456,36.484447882380486
0.03467121084355492,0.21971374720286732,0.049817717390796226,0.015684360774763158,36.568691917097155
-0.04220615498951928,0.27175244988451075,0.2499875017268376,-0.06454118725292927,36.70756811087966
0.08139242182779485,-0.2082494218225339,-0.22980149716989942,-0.02577667047685671,36.79477140080831
-0.011296520087894096,0.032458700792872025,0.3516706617009969,-0.07273193352499516,36.879015435525005
-0.07703987933137378,0.15206403281055,-0.2641023135475934,0.060861146478470865,36.96325947024166
-0.04761893137960635,-0.13179177605260736,-0.09061109310363454,-0.019121036312939984,37.04750350495834
-0.060523228187354734,0.07565866130901523,0.09534946351482448,0.12655112470351962,37.131747539675
-0.0406737017392769,0.0516265435359221,0.07705314807865665,-0.0480707327095949,37.215991574391694
-0.11108243604444804,-0.11358807184533644,0.020559831342315864,-0.059873373002742376,37.30023560910831
-0.07641680511154687,-0.0014857746835728917,-0.04077442308776018,-0.0997063311546168,37.384479643825046
0.0980720248014476,0.0771844323010018,0.024265093960034834,0.03450877599897027,37.4687236785417
-0.01278288154966918,-0.05338469394920563,0.016082709538037622,-0.13119758643656926,37.552967713258354
0.1377511027171227,0.10689708021561027,0.034196351623607554,-0.07723632654600612,37.63721174797506
-0.06045788470014023,-0.14291631183465567,0.015912821509339915,0.06161477055102603,37.72145578269174
-0.054681007126450604,0.29743121526160216,0.3175026738265158,-0.20213732383726513,37.805699817408396
0.1084580400584175,0.08182589990880784,-0.007455096511076669,-0.03608975832884418,37.88994385212505
-0.033343392735056716,0.0454333961411781,0.044615237440269566,0.06106888880062539,38.028602540803504
0.010966916938019435,0.04238079524379764,-0.1586801227412747,-0.07056209307897236,38.112846575520166
-0.2266207647330024,0.12385532364209156,-0.010234476000767802,0.06877052397685365,38.19709061023687
-0.334261864928753,-0.0497258264812183,0.01998744332616477,0.1048261283389847,38.281334644953546
-0.08824493088920195,-0.03484127514798368,-0.13257707571433064,0.11656180321326964,38.365578679670215
0.05754590113396424,0.11581147298256486,-0.21653780333344688,0.06860580373336687,38.449822714386876
-0.07461179737042493,0.042646914761215654,0.18265272475622069,-0.08590693501974701,38.534066749103545
0.039920482214865424,0.030756449570033366,0.0746886238854895,-0.046030301020681376,38.7346534416615
0.17905302713619328,-0.06155594042115806,0.157829609651166,0.042127773898109754,38.81889747637819
-0.09693766480143488,-0.04237217784660301,-0.11302497229572613,-0.12317948190829119,38.903141511094866
0.03488781300547226,0.011580056223910009,0.04806825897291447,0.10882503055373571,38.98738554581151
0.04648747230795928,0.09521432071735451,0.05104999087694015,0.04713627473274197,39.071629580528196
-0.021006699397214824,-0.046902179489543706,-0.08837328113135183,0.20624717549588983,39.15587361524483
0.030977935599982364,-0.0033961192547779574,-0.06350062814929525,0.05806786193192409,39.35707791398025
-0.044456214671749705,-0.15254803428946523,-0.32780580750710986,0.17244433255457794,39.441321948696846
0.13205214180667918,0.3420719129926634,0.2640982323897472,0.0016548346200849931,39.670924676501045
-0.07493516447397668,-0.0012292968529571402,-0.11190641477109241,-0.056961539726090214,39.836934949277136
0.0021044507334141115,0.08215719163115073,0.004935333034399119,-0.032019093024440504,39.92117898399378
0.08994058605816842,0.01581622978596657,0.17184875088928037,-0.01525602486099759,40.00542301871046
-0.04458306551698809,0.010075903534289152,-0.1101721506562703,-0.07952982536364081,40.08966705342718
-0.4203939448862073,-0.013156333747529454,0.057335169866948164,-0.01076917880103741,40.17391108814381
-0.016390264790980047,-0.07231069340127436,0.134423749797632,0.04273387980006957,40.25815512286055
0.09204842664453705,-0.004864316387129715,0.08157356677316538,0.01893221958632984,40.34239915757715
0.03220102651307812,0.0646576377651359,-0.1337147367812079,0.06436304108311326,40.42664319229382
-0.05649684437946267,-0.012328058234812441,0.014593343855208801,-0.17762895377408314,40.510887227010485
0.08139141242170746,0.04265712237198141,0.0905566972976734,0.15375013960031142,40.64149277053995
0.1483162854582414,-0.05506397135448455,-0.10097085615112124,-0.0736716495501661,40.72573680525662
0.09547945247178354,0.029530833117065128,-0.24079270997528113,0.028375428079816665,40.84359516604291
0.00909870099856795,0.17590041178216603,0.17993391305336312,-0.17359407909499547,40.92783920075954
-0.2256328323691258,-0.11074493265514966,0.00842169987825856,-0.002133167667682969,41.01208323547625
-0.3627756469670815,0.011201193328990664,-0.007109689230181545,0.05729890777217783,41.096327270192894
-0.11863289493074679,0.025663545290420905,-0.09112083576569302,0.26409522974290633,41.18057130490958
-0.008355972928490878,0.05207140411594861,-0.12976907690239273,0.04149798566884443,41.32709985611862
0.02878084840129754,-0.03563652045440773,0.08766321986772521,-0.063333528948754,41.41964253305944
0.05149584157107289,0.02726027099508084,-0.15476945349478669,0.034137114901707996,41.53293538911955
-0.005772628650135781,0.005229557411156402,0.12325235412687333,0.11254806228016882,41.61717942383623
-0.15242315139264243,-0.0693219192472127,0.2299384985977067,-0.049379497747581234,41.701423458552924
0.08071712672573975,0.28327834178395045,-0.026072187627842382,0.07412513377883141,41.79796156882656
0.14449236751540498,0.06636699267111901,-0.2130616474630688,-0.19074305163396849,41.91218452015601
0.07394904035080482,-0.16724540796851273,-0.07581725733148661,0.2201381475447918,42.235364246998365
-0.21771436484569334,-0.14642746344895274,-0.31813698379001554,0.688425136614776,42.31960828171506
0.01801039931149182,-0.15609080332704045,-0.3184303240972423,-0.15341888038025844,42.40385231643175
0.0027931918724880093,0.027861896868575996,0.0519917676709227,0.224276220623323,42.50710551189655
-0.11626120893479518,-0.04988052265303484,0.017414416654191855,-0.012785460194493588,42.59134954661324
0.019299917071454235,-0.10731247868707368,-0.09192921890516374,-0.044917887902929284,42.77518163640769
0.08729956015793186,0.09931789678907448,0.10463170786123438,-0.11656847282866455,42.90939510959322
-0.05613748472237848,0.22934532378549288,0.026622803083550015,0.06697594224691882,42.993639144309924
-0.1131485330376171,-0.11179211015377959,-0.025625228485715877,0.06047217372753067,43.08887032257543
0.02909038346849689,0.1731789711503892,-0.04598075212885644,-0.10517608137571359,43.18505651473416
-0.10647777404055007,0.09098186513004068,0.07913357213988065,-0.17396302751152307,43.26930054945082
0.13053041483328148,-0.2172467484446428,-0.13534027605334076,0.11302527616805479,43.42857841722436
0.09836944501895188,0.0159005300192924,0.02660505451777546,0.03965065966117556,43.51282245194103
0.02411081146153317,0.015018910322562326,0.13811204941253324,0.0997912816664483,43.632309718518336
0.06031510803661679,-0.041594446320436816,-0.05609896116691814,-0.009347396470560255,43.71655375323497
-0.032346408542657475,0.005916679493456273,0.04298263624575939,-0.05756689493683739,43.87040768529989
-0.021682880987302252,-0.03245633090796025,-0.17838645264975747,-0.0925970396049152,43.954651720016564
-0.10587892778372678,-0.08724623602044733,-0.005328807990285699,-0.08466122699571746,44.03889575473325
-0.07341780394914599,0.0037176094327537896,-0.258862832185204,0.015165001116620702,44.1990308738781
-0.07321788555050812,0.013873806990706236,-0.009002066813489583,0.01820888694951944,44.28327490859474
0.28076077994862003,0.12545814723780832,0.02398448086551266,0.006316213826519153,44.36751894331143
0.16298107270973305,0.03848939557260648,0.07030148929324388,0.05025423503560499,44.57042015979787
-0.08977061833541167,-0.017185206412290075,-0.20202942002476382,0.169854085057174,44.773372933030224
-0.09204493637265204,-0.004055566635240924,-0.012059360739301757,0.19739318957417787,44.8576169677469
0.07685761714971737,0.2142245758138568,0.14441319460911772,0.009726270375623413,44.941861002463554
0.2774698133887077,0.003048259424439641,-0.18612770925404581,0.23910803810068562,45.0261050371802
-0.062104599945674376,0.05694360262984578,0.22920125573590666,-0.06032981513110895,45.11034907189693
0.05758555151805949,0.06592846920615376,0.003523540356221889,0.009826464502682174,45.19459310661355
-0.008512624171226673,-0.14042023202516632,0.03329697058095086,-0.04932308693965369,45.27883714133023
-0.09102559009388411,-0.006630738855050206,-0.003030162398095829,-0.06688665490015563,45.37245004757878
0.045935138325437726,-0.07639634813228549,0.11952612891970116,0.06153753071486795,45.47755046292246
0.012910365721524496,0.057927338637493046,0.10788935184694956,-0.03991698679325039,45.58192075420126
0.23025448808096324,-0.08173043062714595,0.009794556800921431,-0.17587304286712607,45.666164788917875
0.07505111672306929,0.055546348135895145,0.009295854403416235,-0.2224811533735768,45.750408823634565
0.050157725711525596,0.012835624273366535,-0.04069222052712519,-0.01684841813147581,45.834652858351284
-0.02919860689279496,-0.04413529448000604,-0.0030962547298727557,0.21578136977933324,45.91889689306793
-0.009653347213257826,-0.0041263926627226055,-0.019724601266456386,0.12341583139794456,46.00314092778458
-0.028806328095079613,0.07719173893041495,0.2406816584650937,0.08413177829608724,46.1490715597135
0.03610073747912799,-0.012389307619876593,0.002014603344840554,0.0605830375886863,46.23331559443021
-0.041847388094023254,0.05092652713920543,-0.013595323674404504,-0.12823461012063891,46.31755962914681
0.07504376669716785,0.08879398538387312,0.00860624707734812,0.1558479513919451,46.40180366386357
0.08206546189769086,-0.017897980594903856,-0.06812321287489244,-0.04424404561405028,46.49713619455018
0.1275955674239922,-0.0765097105122792,-0.11225849549993641,-0.13425560611208381,46.58138022926686
0.03933508143002959,-0.07249591046237527,0.1541522316447607,0.2591167131647027,46.665624263983524
0.04379758918739641,0.01502527772312644,0.014807395614854396,0.06617072087935999,46.74986829870015
-0.004391475559484705,0.10110586278545038,0.19942474792027376,-0.09041332492095441,46.834112333416854
-0.17221525021893339,-0.00135775325685333,-0.02033234048059118,0.10989491630843441,46.91835636813355
0.256652584774755,0.018971597322635897,-0.00612800324952498,-0.08008698388320407,47.032732446767106
0.05895371835753046,-0.19094186003351662,0.02202216226983933,-0.0198804609153664,47.116976481483775
0.02687150305208479,-0.056000948265564524,0.08897976919464748,-0.04979136341738682,47.20122051620046
0.06498297591056518,0.04515665931307014,0.4003164855306145,-0.21377771511321855,47.2854645509171
0.10549242502097529,-0.001845374201894484,-0.021565600766439114,-0.04541755723678846,47.57078329521628
-0.010898026448448525,-0.09261581054024756,0.06567618182588554,-0.014886489425687278,47.65502732993294
-0.0036078277243407246,0.005443652571933683,0.30252683527652574,0.07502324360133164,47.739271364649625
-0.08773132444805229,-0.08867979804816115,0.0842395235696845,0.005101760789939005,47.84928302575626
-0.11692742797052169,0.20089229180440776,0.16982649292341948,0.016199544415593063,48.04221878754537
0.02747513526287385,-0.09370676921885168,0.025431752963089478,0.03307328220213134,48.32116710596513
0.08213899834341033,0.11204902664316528,0.0870759494339125,-0.08530990558949986,48.412104528590426
0.0025443765170330476,0.16398152394575133,0.1985617825865571,-0.02309127082984096,48.496348563307144
-0.2574384627848923,0.045618884225778485,-0.06148584694900071,-0.058303218811845775,48.58059259802375
0.03860411045829892,-0.1051378745124975,-0.014673032600708461,0.1725998050763743,48.677937100655654
-0.021053702236852653,0.03549065110886382,0.05586397119836184,0.01127735904727009,48.76218113537232
0.0013791846394243827,0.06690123479165247,0.10008710886267187,-0.07312290269995002,48.84642517008904
-0.010371787278594839,-0.04701455290145308,0.10413549962733007,-0.016330416711464867,48.99967919668884
-0.04449591877290617,-0.1342115868389409,0.11616036706313271,-0.03187366538504215,49.083923231405464
0.0736881810406921,0.11071570986102693,-0.19569954601882197,-0.2554746055026151,49.168167266122154
-0.01998413252854552,-0.2663530618699462,0.22656091320665744,-0.07309997118658,49.25241130083882
0.06444206233866119,0.04127593474230253,0.11109532782971482,0.07628448948478926,49.33665533555547
-0.05469376380019032,-0.09225824381043855,0.005779544450434023,-0.06142698487627139,49.42089937027215
0.13172823265128286,0.021059650832366727,-0.019171379759645887,-0.11842775792446063,49.505143404988814
0.007992181144244338,-0.019651784239029996,0.09828221140301192,-0.022263547396356703,49.58938743970545
0.20451419523619632,-0.14219497118764252,0.005551526180216685,-0.14282302669756558,49.67363147442221
-0.13202460169578434,0.06901661346654016,-0.26624997059044103,0.0005502228783470656,49.761702321597255
-0.06615480949184038,0.04060465924423912,0.013627920072780268,0.06548706533074553,49.845946356313966
-0.15639426830632389,0.1874269872235814,0.054125245924510984,-0.126504821562615,50.05610328748588
-0.048731707942066174,-0.20012597805915958,-0.2863455577645211,0.05025702403066172,50.140347322202516
0.10653628545362669,-0.17815534810051567,0.04906338941640023,0.016618664504015935,50.224591356919234
-0.01729506313313494,-0.25463279475128225,-0.05000650555809649,-0.002034691718512875,50.35412709171425
0.22583561261933857,0.09599801087472012,0.08887046447152026,-0.057442372022556934,50.438371126430894
0.26815250613797775,0.15398297218520982,-0.048285449577433776,0.02599824244637334,50.64864554393416
0.07523689612880405,-0.22570220975515404,0.1289858649151041,-0.00864381801767541,50.73288957865085
0.1393922825160685,-0.062160014693685324,-0.08163979506839993,0.018265152746326604,50.95476800599
-0.17302604375332556,-0.0007571246742551904,0.013780543951277617,-0.08620220213261783,51.039012040706645
0.20648740135037078,-0.1001389878335715,-0.09979021602016064,-0.019253688997913822,51.1787454063674
0.015495033006112418,0.05909492209863608,0.212534930706698,-0.09985820476276659,51.262989441084095
-0.23620657857776306,0.07483040318947926,-0.0018415072566907434,0.005199900620052896,51.57438256249612
-0.10830095653469302,0.09803790397803372,0.13428671941564632,0.1764827534083165,51.658626597212795
0.15671899502664782,-0.7072947428840517,0.10760653782645334,-0.18414054155268536,51.742870631929485
0.021664059874392693,0.14211014624426896,-0.04052645457680263,-0.15259283311961858,51.95976766232709
0.010670438715952739,-0.05624434325065882,0.33443144202553815,-0.14363511143762717,52.0440116970438
-0.13222883520239553,-0.08975681367690126,0.24761670820769088,0.1555295263218756,52.12825573176043
0.06800163033561744,0.4032944680003131,-0.2440031251519123,-0.13434148354221007,52.21249976647712
-0.09675688562860993,0.033758899600475775,0.07958436459439422,0.12858136753890032,52.296743801193756
0.04905767697122899,-0.00025847981113905007,0.004408007968013022,0.05923094466495357,52.38098783591047
-0.10663594319925243,0.07359652023642813,0.36907208500322874,0.22217454685399546,52.46523187062716
0.1190683975371341,0.058092624719068064,-0.08771660994012401,0.16301172191618474,52.60803487435772
-0.0106271315899161,-0.10279590279966308,-0.08139273645555749,0.015385565074795578,52.69227890907438
0.09693162506553175,0.009584475506589746,0.005437128001115508,-0.208779996573835,52.77652294379102
0.02122300233722048,-0.08354782955604127,0.0512121142556158,0.147985540328524,52.96114849004134
0.07613004311512576,-0.10037863099985708,-0.17501704429147708,0.055931529086961945,53.0964225361063
-0.22137844623046032,0.049471470648731926,-0.0543747209903851,-0.005966918276544841,53.18066657082297
-0.06381544404603898,-0.06888490730498983,-0.06348320105939588,0.036529461627559524,53.26491060553969
-0.062168611315790566,0.024529685825188736,0.1445509245584788,0.13935819810535818,53.34915464025634
-0.02901983092200406,-0.02024935789829667,-0.018891726711975344,0.07299825554312625,53.433398674972956
0.09455302199884032,-0.3666796943197862,0.15840927839543417,-0.25077884588261734,53.517642709689625
0.024863630505343997,-0.0826095181451888,-0.15101062614727798,-0.01074173102685575,53.60188674440631
-0.13200133432831687,-0.12803319099387503,0.012286099694629788,0.017148056990967796,53.686130779122976
0.10436486580200632,-0.2182007887141469,-0.03019389813652443,0.002134880728406198,53.77037481383967
-0.169424802505393,-0.14304692345293896,-0.07675803700419193,0.0001941449727964164,53.99285439218864
-0.08760734764244457,-0.23535136535452514,0.08748235413205396,-0.06556262241365432,54.25152103891899
-0.09747482976015373,0.003888038645912313,0.013783278462489815,0.10425291453000787,54.335765073635585
-0.1198268998055722,0.06790800140923751,0.07628634759283105,-0.10153227875366198,54.42000910835223
-0.01642592989717648,0.0636162984989456,0.027352299966347436,-0.18364029045535557,54.50425314306892
-0.0991300087230379,0.04185298095917428,-0.09753646501640913,0.03063242362248361,54.604836265818626
-0.04146358997737138,0.08656945723550762,0.2950027818584919,-0.15664380883672324,54.68908030053525
0.1657910854681868,0.09569067486410321,-0.013697055488440885,0.025498486608780215,54.77332433525194
-0.011516672107836266,-0.06430580408359779,-0.10948344238042731,-0.05864407426876802,54.917593669457155
-0.001798603669812682,0.08532660762047313,-0.2549353325062568,0.03028649309128121,55.02044408651302
0.07797876294780524,0.03258956187480048,0.14891332819682612,0.09231187111725189,55.19814600100095
-0.16470896811649127,0.08347815907329872,0.07044730542278917,-0.047222467130807425,55.28239003571765
-0.017804461226974027,0.0491422845250634,0.02116875366461585,-0.05893265317768816,55.36663407043425
-0.2701449302653042,-0.03085776713269002,-0.07436922432550759,-0.011143093573377966,55.450878105150935
0.02840073485317075,0.07027194483641463,0.08148429318896684,-0.1259761901849016,55.61012658544071
-0.11141648717940529,-0.08540216520939012,0.0522750026917513,-0.18481905311014127,55.72833067315725
-0.04729887340230681,-0.08525587739825519,-0.11333291532140458,0.06544278029486202,55.81257470787393
0.0667829885149865,-0.17019520103254776,-0.008549771033007704,0.07386932285481612,55.89681874259064
-0.06899069239675074,-0.043229364324203275,0.21907693807498452,-0.29644517775127066,55.98106277730724
-0.02150331835013154,0.20307371534706453,-0.30043313363087976,0.02087858459542522,56.07841190548959
-0.06513201523910533,-0.05999475682939313,-0.05599043654359435,-0.2168939866720548,56.33343791520313
0.01586376156795999,0.061666540405041916,-0.11129985106945481,0.1261776052230787,56.417681949919796
-0.11500788738277055,-0.0055696407512808134,0.032237732424972285,-0.02621518251277484,56.50192598463646
0.10916147639471817,-0.0008931142642664974,-0.09791044996368384,-0.36004567666753406,56.5861700193531
-0.1266523144074775,-0.09042271747090333,-0.2193260006867859,-0.047592465410581195,56.78890034808901
-0.05517617966585334,-0.011174250020417244,0.054703199433158975,-0.23800387822922642,56.895147298074
-0.047654099925571,0.0016143081746827841,0.09412031009513784,-0.009456247782264783,56.999842404032364
-0.058269078200970166,0.09586560746638854,-0.18002389692353707,0.4176547413799408,57.08408643874905
-0.020655674317318826,-0.06169412561773459,0.0514679754220699,-0.13765287224579525,57.16833047346577
-0.05989475730286214,-0.03859789793354496,-0.05753378140291171,-0.14038845369551214,57.252574508182406
0.03030046109194107,0.0621941974906617,0.20054451017932487,-0.057624444064786756,57.33681854289903
-0.11544303256786063,0.10894241973705494,0.14342846086475664,0.050246559589162174,57.451098582365574
0.09348769646302833,0.07851939404621319,0.06256185520621292,0.005780832550057728,57.546647747266505
0.14525007138513757,-0.030333997072839396,0.04603054146988094,0.14886324303738846,58.01185658012644
-0.008148104458032244,0.18716212878458938,0.10094261545691859,0.1180430252609898,58.33106370301828
0.04989558908126129,0.12426974390793362,-0.0037948790021930462,0.06605842968284775,58.41530773773503
0.10815670659487013,-0.07868322513119212,0.015516617308055546,0.09999927226735443,58.499551772451625
-0.0025483490671997996,0.2921174552420577,0.07678899745715997,-0.04446408591548428,58.659896810071594
-0.014187220233534876,-0.021138398483384356,-0.038398322772395015,0.007583951962903364,58.76437118189459
-0.01365796247662,-0.018227538814446494,0.07215733901066426,-0.15387119976289854,58.848615216611265
-0.06405567224233867,-0.22858516729506873,0.06326785849717388,0.04170488470303427,58.932859251327976
0.017916724970402576,0.1676133090831385,0.03909487292814608,-0.09620469081151427,59.017103286044645
-0.09236017568632364,-0.0005811720928775483,0.06847460624342207,0.07788239657464624,59.18602631702621
-0.10685726113437058,0.007558835351925846,-0.04371472740141649,0.02986167442809941,59.27027035174296
-0.03624126900436536,-0.028567431136113486,0.06411635526886289,0.13472268964220052,59.35451438645962
0.27065017680489606,-0.3102056385367822,-0.04221679103864817,0.14766816730881283,59.43875842117624
-0.020681276489929314,0.05150360035614589,0.2661850211685607,-0.13518083472330575,59.52300245589286
0.10519972938628987,0.11417405434565457,-0.0018915005174820329,-0.04946774634065277,59.60724649060961
0.13820184135227626,-0.046125631717568435,-0.22257557985774054,-0.08519792068304576,59.69149052532624
0.20713765617332874,-0.013307507088116314,0.06462852006697771,-0.1266181692065196,59.77573456004283
0.05476302480768502,-0.06509056204013448,0.014019754716993673,-0.013156203327678875,59.85997859475956
0.06933265097884438,0.005217952896957607,-0.0871515955699384,-0.03315100918567427,59.944222629476144
0.055381832320453926,0.0460800884476945,-0.10208550687034194,-0.01665299363491178,60.02846666419297
-0.17271865368875877,-0.09713586159811606,0.16083113573593566,-0.30764290949944184,60.13157267584335
-0.19343294484880025,0.09598864552655487,0.006297765473390027,0.076969294379382,60.21581671056004
0.03176723743097909,-0.3326461001941867,-0.1896467118205344,0.029055063447387158,60.30006074527674
-0.2814907151460038,0.11780989140052171,0.16151444663229883,0.12630176486664021,60.41241267012406
-0.0011887293924956964,-0.09449924739627713,0.0535070761500631,-0.25999877948239974,60.49665670484065
-0.08320454263642571,0.11654228026313748,-0.17730058012737449,0.11451267391174502,60.58090073955731
0.06853006492557119,0.001625157280390012,0.21642713666201346,-0.0025111234481235835,60.66514477427401
0.1268522234580534,-0.217669645385613,0.12485050265867878,0.010433623385732449,60.74938880899069
-0.026256843558567056,0.07958900879243579,-0.021239763283339208,0.106494867045783,60.83363284370741
-0.10589258676986933,-0.06209168402609992,-0.18121354448656612,-0.016619556054273156,60.91787687842396
0.03410989682708268,-0.16031508121712623,0.25186455181355005,0.05817542101629998,61.00212091314068
-0.0076920029514140256,-0.06805906866382799,-0.47882739106788197,-0.07159719170821412,61.08636494785733
0.07476042658498591,-0.05170608856745697,0.01820205450591113,-0.06384536878193865,61.170608982574024
-0.0754197696839801,-0.039261763766830146,0.04075162316126859,-0.07045193188014558,61.254853017290614
-0.10058858711324814,-0.06644548292626563,0.02492143861172514,0.12915581569182888,61.33909705200739
-0.05382403861629316,-0.04137282874260224,0.2674095664047717,0.15390654855088307,61.42334108672401
0.0893682714584357,-0.08578218038398266,0.140764952339552,-0.09239148900675541,61.50758512144068
0.09725725356393188,-0.09554628159078514,0.1036692129202034,-0.1294830511799717,61.63100728142905
-0.015568567048402742,-0.04479761847330062,-0.021488789562213218,0.29159364856588577,61.71525131614578
-0.022885454580411056,0.04730880367814527,0.05514545074545819,-0.06771335822853958,61.79949535086234
0.04601454688149459,-0.309177741532729,-0.007515378691050896,0.08471309807769643,61.88373938557902
-0.12110239841511956,0.14923851151109244,-0.003390580340918023,0.0480791585262537,61.967983420295724
-0.014393276150630283,-0.16534585976725913,0.18698423887395407,-0.16797021727492126,62.05222745501234
-0.09616066599376359,0.16888451729633025,0.06384819573528316,0.1443299679583261,62.15553608162595
-0.05407433453137134,-0.06092309741555941,0.14701051676831597,-0.19627940197706797,62.310737170835395
-0.0056015187387915815,-0.07014862486599645,0.14353078673548356,0.04024244633476514,62.39498120555203
0.006474974513891968,-0.030126321581085157,0.019895874057506174,0.16903740259604444,62.52988040049932
0.04084544445611911,0.14075967871070272,-0.01463869196698962,0.08451832622434378,62.61412443521603
-0.05904951652901291,0.000943131653958504,0.00756004154798532,0.047493485002580355,62.69836846993261
0.025430042757680505,-0.06070899514014627,-0.01974625864714606,-0.016243480669357862,62.78261250464936
-0.08633512154545389,-0.012536283555538,-0.07849995567244548,0.018775306843275934,62.98307207867927
0.011549562377714033,0.014368918034553787,0.055192678697037846,-0.05348897825872772,63.06731611339591
-0.14832810628247553,0.05536351161516144,0.008380151126333911,-0.04341477792839756,63.15156014811264
0.09663221210157885,-0.09776439794821434,-0.057268526992037626,0.03822441996008533,63.23580418282929
0.01015060648671194,0.04860794059391792,-0.04182168829903324,-0.07268408854167287,63.32004821754593
0.015235028734047876,-0.015353311659876348,0.1556236334917479,0.1191273638326012,63.40429225226259
0.13326048860913586,0.0668394768955515,-0.018255033820667444,-0.0844825656868803,63.488536286979276
-0.013986902027912508,-0.16263119891679345,0.020838709143250485,0.0255294043100271,63.57278032169595
-0.0642777261165683,-0.10567120136318917,0.24855864897902294,0.04731716747656213,63.65702435641263
0.10028487669839492,-0.11836511360202236,0.04635533006544792,-0.10776545881176894,63.74126839112923
-0.06317993654218484,0.116982250503998,0.0014214618590954358,0.06250895165867384,63.82551242584581
0.04323601547068697,0.0013638645946099045,-0.12640200407556432,-0.1277159891950187,63.90975646056259
-0.25019054343150676,0.05285409932503043,-0.08770615419114543,-0.021778652389324388,63.99400049527923
-0.10579741940048,0.42641568593831597,-0.1214203160215947,-0.1907972342491446,64.10726971633773
0.0581488197205237,0.00675714017120674,0.23950249645556151,-0.24698110475281637,64.19151375105436
-0.3242452947361262,0.07974032731787113,0.20211800227795773,-0.033747526854278516,64.27575778577106
0.00117527670107026,0.007101285192684602,0.16500169130989245,0.041947616031414926,64.36000182048774
-0.12919983787009992,-0.07655541840530743,0.05503269589864786,0.0035256013264605666,64.44424585520443
0.09941520945511467,0.10984527526993058,0.32427970394195943,0.0015600418924413832,64.52848988992098
0.07150129587945137,0.00817479213143291,0.03389694489036892,0.030610855237743612,64.61273392463775
0.007500191325697555,0.10774551566094831,-0.011312357156881342,0.04156461682648886,64.69697795935433
-0.13478676044651594,-0.11268798842808127,-0.02055268189255296,-0.07877985156084116,64.78122199407106
-0.14182451476746394,0.1956877938603102,-0.04121009542398919,0.1343212815338204,64.86546602878762
-0.03805140368105712,-0.04328406741220318,0.006600021651031775,0.12386268869152564,64.94971006350441
0.02195074974405276,0.06398504612313542,0.21164470622699838,-0.20008688948791517,65.03395409822103
0.16085929341316788,-0.027263077442579976,0.12619218507600918,-0.09366546027845776,65.1181981329377
-0.06555502537735353,-0.08501009893781397,0.04195140354682141,-0.00025791196782945155,65.20244216765435
0.005879556422730135,-0.03786902195291789,-0.047142876594515826,0.02204329321513296,65.28668620237106
-0.05321518952979033,0.1365702101621991,0.011919569093315605,-0.04887883017869536,65.37093023708763
-0.008252046247283056,0.05786688704635525,-0.1529528555748978,-0.04321849781503381,65.45517427180425
0.2367141515387049,0.0025577195902545223,0.1357571336021528,0.016368706501299107,65.53941830652096
-0.03251594494450305,0.12771970172553698,0.0802721133777292,-0.02307290700265225,65.62366234123772
-0.028281492984378254,0.06762613005276111,0.0646516257545804,0.07478384390248521,65.7079063759543
-0.020228871973282735,-0.07625054648781089,-0.07921989694003922,0.026109139822124032,65.80722039200893
0.206473369141453,0.005738254499788902,0.02346683833001012,0.10171690221526355,65.92869713983526
0.21769439122950285,0.0058798698853075645,0.07690842562956937,-0.09283584949433567,66.0129411745519
0.0027096875440849356,0.2588535540427182,-0.017099185016150382,0.02278534915475611,66.0971852092686
0.039614804230710864,-0.043638496496351736,0.028381998006983312,0.02685214927189393,66.18142924398532
-0.010336566835188743,0.15576151475799474,0.0091020021887261,-0.0004685613356101533,66.26567327870201
0.016482362819380328,0.03230204266252667,-0.09263809156769845,0.17941261856483506,66.34991731341859
-0.2614568433487885,-0.18568145303259326,-0.04640805800616234,-0.032512971027542636,66.43416134813528
-0.19034496650792712,0.05894747859541536,0.06333590697688316,-0.07370110051362308,66.51840538285192
0.022143215571749968,-0.003644548466269326,0.20710616190256642,0.06528052576894329,66.60264941756861
0.12425489243585408,-0.12378149906811042,-0.1678237817929076,0.019693266636317302,66.68689345228528
-0.004851287680289843,-0.014131228387022144,0.2006303733729332,-0.009561899155745398,66.77113748700191
0.05229180539329263,0.06447897783986353,0.1284109956101055,-0.08855978682904779,66.8553815217186
0.07856865916028104,-0.03745036036949639,-0.07900188143575308,-0.09937897153313847,66.93962555643525
-0.11461939911596225,0.14550919260549203,-0.04480754193742211,0.004598148867909384,67.0238695911519
0.07049221646446137,-0.17298108800695253,0.11955228340214905,0.06633422222616453,67.1081136258686
0.23892420244887758,0.1675028369450015,0.1468521263583866,0.13954929196795776,67.19235766058519
-0.061847537546345664,0.12753711935901357,-0.05531047566909412,-0.03459722476425007,67.29659778581207
-0.09006694255506655,0.06084324847431097,-0.07323705695400438,0.14822863240122164,67.38084182052872
0.052051196023351454,0.07744565812178218,0.11282865374082429,0.060015626573651795,67.46508585524542
0.1301117445025903,-0.18710065436623427,-0.0951114556714034,0.5770387402364042,67.54932988996214
-0.18234201416208204,0.08857215856678421,0.11777781443291076,-0.09802818714956048,67.63357392467863
0.010361501801155956,0.09862064225596713,0.08825929562974444,0.018717519434276228,67.71781795939536
0.1397894967136663,-0.016071775722074355,-0.07518493035446737,-0.048836240453972196,67.80206199411201
0.36809521172364323,0.5907542170480639,-0.06701757900603998,0.06118358921398974,67.88630602882867
0.012759081211152103,0.00030089386347630933,-0.11175506569290312,-0.016304546275722486,67.97055006354545
0.06081556062801143,-0.1916269304940482,-0.042079961527162826,-0.05540072098479352,68.0547940982621
-0.0098927523136302,0.10763120743953956,0.10714973593429086,-0.09732797600725801,68.13903813297867
-0.002417322014747997,0.0793943235248487,0.014027776946045137,-0.12991430258885187,68.22328216769537
-0.020021204987995506,0.13574956249773146,0.03950255691974312,-0.004190496225737042,68.30752620241203
0.14626000961187288,0.02000845772929129,0.191838402631722,0.099563396045895,68.39177023712861
0.16082026532744198,0.039476919557371655,0.12492056426525465,0.04703243633326835,68.49054904170268
-0.10587330628756121,-0.010938984154046705,0.2625739677608152,0.2124800896199861,68.5747930764194
-0.051626606738971646,-0.09306693835209051,0.009423802161043889,0.006681758691129529,68.65903711113594
0.1785400366970925,0.024973820821917042,0.21243954854909994,0.06710517934384522,68.7432811458526
0.10506508376799627,0.09315794936075836,-0.2551911678076598,-0.19959945096405182,68.82752518056941
-0.05006636908702536,0.24259017014208384,0.06341749665896615,0.03862382162323023,68.91176921528614
-0.027108868358449535,-0.03727886997672072,0.04436511168015997,0.15512406750977267,68.99601325000269
-0.22594070299333305,-0.08099830123573029,-0.05722072349196864,0.08794506807780611,69.08025728471935
-0.029933734506338624,-0.12151772550692176,0.06682149030568099,-0.015126266651123932,69.16450131943601
-0.05619301095361211,3.2870219324394965e-05,-0.0756349198045249,0.06709168137060406,69.24874535415262
-0.012154761576761916,0.018690969125217245,-0.023335665477321237,0.061421417028964954,69.3329893888694
-0.1547321577020332,0.04015375360543957,-0.05152460824153598,-0.09198841556548021,69.417233423586
0.025782524152994365,-0.3680400935665113,0.08639018172877638,-0.026394697418323544,69.50147745830263
0.22264531511481261,-0.0709467517918493,0.27470034407769983,0.08466959432254056,69.58572149301928
-0.007788502704251266,-0.06270186369298915,0.09837798941192212,0.07122303460541607,69.66996552773601
-0.04242277958190338,0.10499536883525608,0.011738545599531547,0.0008097238748154464,69.75420956245267
-0.005405042696751047,0.048320350441869483,-0.07489081916574969,0.06691511663177505,69.9382686297641
-0.5246505488620329,-0.008652850686081015,-0.03231620091331037,-0.03600897827656493,70.02251266448079
-0.02011989294223035,0.05774672089318175,-0.0652404006116406,-0.08756631727103581,70.10675669919739
-0.12650938311068102,0.06985902063729131,-0.02045963338846303,0.08389066700229279,70.19100073391411
-0.06245446405121296,0.04727416053163573,0.09092723412638345,0.08507924306770312,70.27524476863076
0.22548236229066465,0.4119914481529553,-0.09022543721954777,-0.0877544320646521,70.3594888033474
0.3582664242629126,0.03576524235543974,0.0769195044056717,0.029895081355251034,70.44373283806411
0.016723982532527312,-0.02235942340685434,0.06585558239624931,0.20866644319818564,70.52797687278074
-0.3493593901491465,-0.062358099405193865,0.02153683604077331,-0.16317497132905545,70.61222090749743
0.01576589557876819,0.08673390601401249,0.09919230345373359,0.02979977220970802,70.69646494221404
0.021338034555419744,-0.005302510960201561,0.0056761307939943405,-0.022102084347528923,70.78996999905482
0.07875483908286562,0.03894875671779007,-0.012336142862336395,-0.14031747339827022,70.87421403377151
0.037742239018363655,0.40861469387271976,0.08435336318011276,0.060317266526173405,70.95845806848807
0.010930052037355765,0.018142489136890823,0.13123813670695594,0.026718447254923,71.04270210320482
0.011390599288011664,-0.10005318394388589,-0.05518176560911134,-0.03186879985920355,71.2067496679443
-0.014862837199948449,-0.05461510208338196,0.01262505501234129,0.173858052934367,71.29099370266101
-0.05656622558024747,0.057640050196127474,0.07053772489628844,-0.16034659265442824,71.37523773737767
0.18020913425874824,-0.022974764680136973,0.12371240866061733,-0.11494088078035575,71.51467873261441
0.024197539514046854,-0.07787360601208528,-0.2822130888715606,-0.014138840546978436,71.59892276733119
-0.08732491291792499,0.06762832371731327,0.1405680470114012,0.06905729931809912,71.68316680204784
0.00484714638235118,-0.07958173468874064,-0.1198441749227106,0.04317718497009931,71.76741083676447
0.02229222127037273,0.08533479231640496,-0.11531787073750446,0.018650214999906645,71.85165487148119
0.002040504152603193,0.11197474450777378,0.232789358227744,-0.015756427188771547,71.9358989061978
-0.26515714889361774,0.11612718346692052,-0.008540405033033776,-0.0428910186955746,72.03913086727002
-0.1040913302833698,0.024169608230303705,-0.14110502110157833,0.1333603484821393,72.12337490198665
0.08278990074254493,-0.3510144781605446,-0.4230873877735019,-0.07333829919195528,72.20761893670328
-0.06487350011739425,0.10046989169379023,0.1385680651234644,0.11723443294924776,72.29186297142002
0.07555352760276915,0.03303345374980244,-0.06631819206042568,-0.14845943827766608,72.37610700613668
-0.008424527371883385,0.08125502271803114,0.005895285968664032,-0.028082829845313417,72.46035104085327
0.044700746436760176,-0.09412989058120678,0.2331783679655614,0.08326622154065774,72.54459507557002
0.037436220086978785,0.01571459614444007,-0.256990946493292,0.21165429396649105,72.62883911028669
0.1066792369466234,-0.0068899161910245844,0.020326519669075206,-0.03695154187456498,72.71308314500328
-0.09668827976326017,0.07242774417854358,-0.038874573166649044,-0.26238319015033496,72.79732717972004
-0.3174545192081245,-0.06911134535831122,0.024268610737165606,-0.0351910315800282,72.8815712144367
0.21404282622867662,-0.35407193290591854,-0.1428558916473694,0.03590786700048719,72.9658152491533
0.08393882062719085,0.010054670713134439,0.12799916982135326,-0.02414303385350279,73.05005928387001
0.17012662822574343,0.13940053936055613,-0.07047023499764755,-0.07117811035599239,73.13430331858673
0.010187882271555423,-0.12586464153751314,0.0036639148095346354,-0.011361801908499622,73.21854735330346
0.1436030100703471,0.07853858758254777,0.05814143899954535,0.024147756267777983,73.30279138801991
-0.0886610799510205,-0.07483151685619761,0.09819563984126216,0.09036110300498086,73.38703542273659
0.30417161681527555,-0.03829168149108513,0.012047457161096233,-0.027054171649040837,73.47127945745326
0.2677166234526616,-0.06519639075351548,-0.32665241400253436,0.016800653296799424,73.55552349217002
0.09240242491742223,0.04959354958616079,-0.0025157906275877695,0.113645085700549,73.63976752688659
0.34552369514354453,-0.02671184983343091,0.05265006584923915,-0.046941398997793524,73.72401156160338
0.02299508498094913,0.21682650244793347,0.11154551650162334,0.13938745993778873,73.88809544071185
0.03342603326238041,0.11172137219475096,-0.03222695352781837,0.0029338287003544163,73.97233947542843
0.07630672063726973,-0.4234644756148641,-0.04481830753316461,0.045889194569229144,74.05658351014506
0.17046088965402045,-0.0473683483947126,0.31506321172670676,-0.027686195775463673,74.14082754486176
0.01129256664878197,0.017535849240324544,0.28019214143746723,-0.2858789346582955,74.22507157957844
0.10862701497364952,0.021033422484046146,-0.09780241671305324,0.16659637567994778,74.30931561429506
0.01825952547089626,-0.011146848131877303,0.04652841003879907,0.1932751027426638,74.39355964901183
-0.1601728148175605,0.03178659089119496,0.15123406981826842,0.150846762559174,74.47780368372847
-0.01957786390260887,0.1723824107056714,0.16007128642319843,-3.925865487399566e-05,74.56204771844509
-0.060190590859107336,0.1364832366868817,0.07145221049228931,-0.09456443478307582,74.64629175316172
0.012677855264318798,0.06906356408514097,0.0016014543190347329,0.03796503430625985,74.7356200028008
0.030440935475157156,-0.11778158048288676,0.06993140192824591,-0.15586022534501698,74.81986403751755
-0.05040431287825272,0.02545439552116747,0.026921574270737783,-0.042253843163784575,74.93152801847559
-0.05545949572190606,0.00036452070057263984,-0.007806491370253367,-0.03636656261050878,75.01577205319222
0.07202205155086977,0.4385912750192912,0.0833835278010363,0.23540970754354756,75.1000160879089
0.0010378401341084756,0.007267916596173462,0.3064173051880804,0.17334025728316893,75.1910032293934
0.01589184048711919,-0.10485303180173207,0.0558964761677581,-0.013594334803776949,75.27524726411005
0.08812882700438095,-0.1058349328894627,-0.337996487454837,0.20796120728394088,75.35949129882673
0.007069155464943451,0.054145981258040016,-0.07339460723816779,0.038573564959220354,75.44373533354339
-0.023932377341493526,0.1390645286542494,-0.14132607851163165,0.013188061741648409,75.52797936826006
0.008094171400633824,0.05027840866205148,0.13975668708597608,-0.01455520335041418,75.61222340297668
-0.030434660025892325,-0.1652669323953492,0.02842686156790855,0.19122374435484918,75.6964674376933
-0.018586106432723057,-0.021598375243599626,0.017150265631009656,0.02018652478132668,75.78071147241002
0.12067561728851658,-0.014051739991298327,0.009657882973126612,0.019930558060086288,75.86495550712661
-0.005651234713157862,0.011420151001264846,0.009920607993845348,-0.04394416672862204,75.9491995418434
0.05943584877593688,0.051174860711504754,0.016581831710169012,-0.055655410883050586,76.03344357655996
0.07288993604665488,0.1357071589423234,-0.1316136708675084,-0.04335857977632039,76.11768761127662
-0.03254678682189744,-0.049019892970683654,-0.008993542696650637,0.16384546035181138,76.20193164599334
-0.08177808285953408,-0.030543943472590106,-0.00898476407963469,0.2548222283775042,76.28617568070997
-0.07008511904929295,-0.1908153057343823,0.15327201169778204,-0.0037607279607779903,76.37041971542669
-0.014499569720677752,0.015129523278795447,-0.007643673185678787,0.014767603577522083,76.45466375014323
0.17052360685006893,0.02609420947023716,-0.08537747206353022,-0.10000262230539728,76.53890778486006
-0.05816812029662113,0.06441686741769677,-0.011792579702737704,-0.051537876365795626,76.62315181957659
0.274541510812183,0.015089169358203725,0.06809818230967524,0.02116742295026394,76.70739585429327
0.02716577904043003,-0.14455486277926383,0.06760780893896463,-0.05421056810908514,76.79163988900999
0.010915755908150878,0.15081990183079969,0.05103825510803755,0.07326768198599476,76.87588392372665
-0.028731410446939692,-0.08600105210275302,0.06120836155473634,0.004513769009502006,76.96012795844321
0.024742660379522448,-0.15402980303954808,0.26371830542753355,-0.3473975679061581,77.04437199316007
-0.03656686941553046,0.07530086997390492,-0.23044106797539274,-0.0015251454516045856,77.12861602787665
0.0003225591584482346,0.12234799597699626,-0.006822041673108504,-0.090314398093103,77.21286006259339
-0.058624046628522775,0.059367905305095975,0.07131331615480807,-0.1771145897416024,77.29710409730988
-0.05819157349894447,0.11441042547323764,-0.01502028240514029,-0.03583243489868989,77.38134813202659
0.04238840831747128,-0.1442037959352122,-0.1390457221089667,0.10993998043161618,77.46559216674329
0.24675306270692207,-0.13000769849180963,0.053234568083949566,0.0015883214874351688,77.54983620146002
-0.014156023371667346,0.27088604977907343,0.024963263381260994,0.151350142444025,77.63408023617666
0.2283724368300511,-0.22306600059066106,0.003084801886892968,-0.027918466561406872,77.71832427089333
0.22993677584347513,-0.038702042550943144,0.04519890054092522,0.002155332132943273,77.80256830560997
-0.22427706912363263,-0.05705400918958539,0.021624849616813855,-0.049272665331522046,77.88681234032663
0.00374543540246176,0.04941986261702498,0.16075117224192245,-0.041151442754616574,77.97105637504336
-0.19717176502980924,0.11256395774006114,-0.12600156479578276,0.03459151641381016,78.05530040975994
0.11743161117904184,-0.07288976389062363,-0.44590484805844427,0.049083813228715065,78.1395444444766
0.0014053073596708503,0.08070070976210861,-0.0399006810018894,0.08586889245492917,78.22378847919326
-0.08709396105761616,0.02159855922577003,-0.011462252966924411,-0.08311435245195037,78.30803251390992
-0.033453860539628635,0.11468813084622716,-0.10392610388658946,-0.11677223451840361,78.39227654862665
0.16173067437865238,0.008090415082696326,0.11561467028019286,-0.024838548589058783,78.4765205833432
-0.06922942610867262,0.06015728857781261,0.057607683857502576,-0.0075052173410800295,78.56076461806002
-0.04830209018782798,-0.08394292840439352,-0.2371200914249279,-0.24530783452029983,78.64500865277661
0.19383768547727098,0.06750366947387898,-0.06376831559064951,0.015612404369113599,78.72925268749327
0.0030310544822399667,0.03393697470975963,0.2548171326611257,-0.06757781189625828,78.81349672221003
-0.007811654102484422,0.03374345849657823,-0.12008463615522003,0.00017406830693970053,78.8977407569266
0.18976815631524233,-0.05444770097983037,-0.14143127827291863,0.06501687824469139,78.9819847916433
-0.30117602173722013,-0.12613882103012442,0.04095891648850317,0.09336335309149896,79.06622882635995
0.1321062215049975,0.09890942871834182,-0.2613060441654452,-0.16088887650712774,79.15047286107662
0.04160436639347967,0.02690812136778717,-0.018783466110852423,-0.06020319368496965,79.23471689579327
0.14787858437161527,0.012890089377775776,-0.009434174103778555,0.03473659809063587,79.31896093050995
0.12133867448583482,0.38477471353739406,0.09891591720040045,0.14762402077246245,79.40320496522655
0.03612783547382448,-0.08405970478706111,-0.27407258171837895,-0.10684911304934748,79.48744899994323
-0.028665616015004194,0.05379452468608019,-0.33000585271448685,0.06322778871529258,79.57169303465999
0.01606569373357495,-0.07988840723248787,-0.038680016887278776,0.1613598003459729,79.65593706937665
0.13515277397941572,0.1237325102125386,-0.2810652555975237,0.030186343618606802,79.74018110409332
0.11457415839264302,0.09785125365605606,-0.04037251515622474,0.010713690653797545,79.82442513880993
0.05110697341794967,0.07721971825426055,0.023338348575391583,0.033404685777829526,79.90866917352656
-0.04954651949937435,0.13443558968938651,0.030381330502239845,-0.11791345011431009,79.99291320824332
-0.04842428409602222,-0.02466516734878643,0.07371368805859668,-0.001847691356585491,80.07715724295993
0.06222363088981486,-0.24147620574705836,0.11544649847401235,-0.06958325691268974,80.16140127767663
-0.0189323794875426,-0.012586826196179585,0.0701005957937578,0.22003829230601227,80.24564531239324
0.0357586568432397,0.14107101776541023,-0.0030244837302101342,-0.057528202295248916,80.32988934710994
0.06259669118578015,0.12188716582986221,-0.21435207344850343,0.057836966822541594,80.41413338182656
-0.05995299334704003,-0.03642822202579789,0.03715859046309635,-0.012576743661640626,80.4983774165432
-0.12714828084805962,-0.05065817444065216,-0.05726045058896249,0.016994830802035652,80.58262145125993
-0.011516700005046208,0.05446835034491998,-0.010644652966982696,0.04344585476745301,80.66686548597652
-0.010979183980276024,-0.09276644593416834,-0.10742021013431835,0.0646052197811029,80.75110952069316
-0.036455442697462544,0.021137940788616718,0.22403408044651668,-0.09768631633555908,80.83535355540998
-0.005203393847256193,-0.1322237999397404,0.1417173212893082,-0.28866537224392774,80.91959759012654
0.13200864407879404,-0.11504912291689136,-0.018306972296218436,-0.10390597891390711,81.0038416248433
0.0982358751855376,-0.1320335862013428,-0.1370996660324557,0.1859419430064448,81.0880856595599
0.02728567274728228,0.33466052797751433,-0.02368548138399878,0.1854712111314712,81.1723296942766
-0.07587063924531831,0.08281053302769416,-0.01084603936810571,0.07186934352991044,81.25657372899322
0.08757375327207159,-0.06773776757495598,0.12014752703201345,0.04716213871277167,81.34081776370991
-0.09558138200663327,0.022029706270748406,0.03411884341712443,-0.018298028979699937,81.42506179842655
-0.17004535663478074,0.006589448071931611,0.004616752416925524,0.06900035416400614,81.50930583314326
-0.094948503544968,0.02941008433681284,0.32041787838311536,-0.00719943205478,81.59354986785993
-0.08019916126860908,0.018903167975807253,0.001966692371659368,0.11028946778604752,81.67779390257654
0.3675441293977529,-0.1602514241232935,-0.006226565885552145,-0.046809912732535174,81.76203793729317
-0.13125561521322363,0.04665175807792795,-0.010188856301740759,0.0060392578126307805,81.84628197200988
-0.08834175681774278,0.05737589317336115,0.023456834202787224,-0.01784240264181041,81.93052600672655
0.21368030028120125,-0.053047890284963276,-0.007982718112558636,0.08756512313769002,82.01477004144324
0.014335087080086245,0.11429803255278528,-0.1061219918370237,-0.11208958257956253,82.09901407615983
-0.022527626443008222,-0.1231638556624377,0.08240897571192551,0.1572601726286496,82.18325811087652
0.2869042099421799,0.04409104237377355,0.18665927925256007,0.058308789303564534,82.26750214559317
-0.010382925853819827,-0.006058604552123948,0.019791660679363436,0.22277051534927925,82.35174618030989
0.13222364654967558,0.10320162367592181,0.13066275602421024,0.13087494120069051,82.43599021502648
-0.15784237450956473,0.08475582871843593,-0.05631001635736283,-0.01190682110673481,82.52023424974318
0.06609688429413998,0.024170695846882702,0.15717991974416673,0.057683066071325444,82.6044782844598
-0.03887110566904281,-0.045581797982198365,0.13695967886079366,0.014190723137501943,82.6887223191764
-0.03484360872174524,-0.032125728765887,0.12812663674005711,-0.025923539028828126,82.77296635389321
-0.20372476569733974,-0.0016863088825051368,-0.15681013784324188,-0.19030645944046556,82.85721038860986
0.02631459939317437,0.03577928865121249,-0.003523124928863659,-0.015921474315060316,82.9414544233266
-0.336954513717166,0.09931658266593238,-0.03253773314055744,0.01862715112097111,83.02569845804328
-0.1417289858606638,-0.09210922903612932,0.02052742119889596,0.11007327169412505,83.10994249275974
0.0072044418885880215,-0.01873307040842576,-0.10316845334437845,-0.1526738887437451,83.19418652747659
-0.05808628210795767,-0.010067288894408319,0.09344083083742383,0.2041822850708918,83.2784305621932
-0.0008776443684737067,0.03437586692812156,0.31987553263940394,0.5032702919300147,83.36267459690991
-0.1858631201102035,0.08025931961570003,-0.0628062024261061,-0.10310328036184824,83.44691863162649
-0.18282735691266475,-0.1559597634056856,0.056962636509368676,-0.08228361935316968,83.5311626663431
-0.043842013839579745,-0.012266010397564161,-0.005667733919077496,0.3502554143419599,83.6154067010599
0.06452735670924532,-0.03069519713017691,0.11463917491758037,0.011492902071290495,83.69965073577647
-0.014189489148267235,0.035153919665919915,-0.04739676765797632,-0.22598099679657938,83.78389477049322
-0.07400182420794646,-0.07032760821382797,0.021203131246286044,-0.09766735243109684,83.86813880520978
0.18150243152404305,-0.4481231366052267,0.4164855509848548,-0.09221379871102131,83.95238283992647
0.06351130893082647,0.4813779681429364,-0.03866745617468366,-0.14667308400987583,84.0366268746433
0.01565883238017015,-0.04016248405223401,0.01893133001887377,-0.16043404128816258,84.12087090935972
-0.08657449372539788,-0.24722883358953504,-0.005668851001446888,0.09228619594637566,84.20511494407657
0.14918489137330865,0.04176239229265251,0.3728862037530933,-0.014807660620040951,84.28935897879305
0.017655293768048,-0.10099610795804081,0.05318063033181438,-0.02550853603892068,84.37364833777184
0.36449716213678,-0.021956308304507968,-0.0335571799576702,0.1423853864196526,84.45802198610961
0.15168219022011703,-0.8058007994073876,0.07749168813070234,-0.15035895274117925,84.54248000809572
-0.039854326104600976,0.017516066889057262,-0.19179407261039275,0.15862584529887658,84.62702248810382
0.09587237724628686,0.18568455304600634,0.1541978697302916,-0.375852263439628,84.71164951059193
-0.11996528359083924,0.3261644277454733,-0.04677936773879607,0.1354736485596979,84.79636116010252
0.07548569168210759,0.18119817741579053,-0.03784336998681792,-0.009442579981615837,84.88115752126262
-0.11928116220633286,-0.08884769453202732,0.17452317415718543,0.05497054263281409,84.96603867878389
0.010119372087338785,-0.000730839696990563,0.156774348344526,-0.1605150333631672,85.05100471746267
0.16823878635262376,0.18697637026648628,0.033880280587763115,-0.05747118335252336,85.13605572218013
0.1554722324474143,-0.17359816239941617,-0.15300330852418317,-0.05167137806159209,85.2211917779023
0.039532209235580124,0.08103557013632835,-0.07020476738476315,0.043004794984226075,85.30641296968021
0.1535624847970862,0.12029602200064979,-0.08606501852331584,0.03213615850943621,85.39171938264988
0.14346818400829534,0.01618819990823317,-0.06145824376790511,-0.009401306653629565,85.47711110203252
0.015190128154608741,-0.08713261846599034,0.03464247556617253,-0.026410586144842624,85.56258821313455
-0.058103071407995845,-0.04124734514288088,0.03780321461709019,0.04528850561259773,85.64815080134768
0.19750789906153687,-0.015039705272375905,-0.004739927520769287,0.30935792414497304,85.73379895214903
-0.30155576874153406,0.07517783843912633,0.018129955759204012,0.03482091241193364,85.81953275110118
0.11869683546366905,0.198345653605642,0.11419454908499266,0.22232604669531972,85.90535228385228
0.32564476753873306,0.12714497903368385,-0.1475775942711045,0.1188445336280458,85.99125763613613
0.4745327586804579,-0.05084824749175786,-0.0033141898326880257,-0.05604370579297624,86.07724889377226
-0.0033792934155960283,0.3823538383308127,0.04950133628039185,0.002174648059884359,86.16332614266604
-0.15585707272902294,-0.07960831272906238,0.06951813502026409,0.16179833001032012,86.2494894688087
-0.12752039076285449,-0.05465908176909103,0.0227255273224528,-0.049422866135185546,86.33573895827752
0.15457033844821486,-0.1407666449248263,0.1581476731814298,0.05344174761257269,86.42207469723579
0.005648903474769554,-0.14782249070072154,-0.0423176766833655,0.2079943866999707,86.50849677193303
0.022935299233923435,-0.07565015085047985,-0.2794598033169998,0.019554362890692435,86.59500526870495
-0.13052131345651516,0.09795180029469014,-0.1938245128411702,-0.05871437218473715,86.68160027397366
-0.0005027859109824758,0.056676817448504266,-0.13985734826916596,0.20807875111476967,86.76828187424763
0.002055172237236706,0.15555605074455048,-0.025300406203202154,0.3147039923471377,86.85505015612188
0.03168537505992017,0.021690314911668906,0.092458777797827,0.021279670420670842,86.941905206278
0.08096318891313815,-0.02716370379724809,-0.25311233966912483,-0.03182122462814149,87.02884711148427
0.06705291487498145,0.05806221831558417,0.055392407724559126,-0.15585916656455384,87.11587595859575
-0.12471592091488279,-0.376892751198524,-0.07774987577405919,-0.01976272447291878,87.20299183455434
0.219511414172013,0.021538041530426245,-0.022637759948429394,0.02894733646991638,87.29019482638888
-0.032711884087832224,-0.08074264883993523,0.049090556438607685,-0.0838936442612322,87.37748502121526
-0.09112934493682513,-0.005893628635207835,0.061906000358125185,-0.14743152992545483,87.46486250623647
0.08863184443592878,-0.028805235255817158,0.03920910055186099,-0.042392889092758984,87.55232736874271
-0.06754481705931947,-0.04194500878815378,0.011378089734999207,-0.08211537681281897,87.63987969611145
0.030137366513305983,-0.11860524748679692,-0.04828533418808171,-0.022076186279627243,87.72751957580756
-0.1406527451743428,0.056801727089899834,0.029182494634912105,0.1620829906225423,87.81524709538337
0.25061169262656535,-0.06482671020566555,0.06206639281251341,0.21530482485716226,87.90306234247875
0.06685952683143004,0.006930960704286875,-0.015468488190952135,-0.06010122831614952,87.99096540482122
0.08299362667053768,0.03360350787780486,0.021799593729672273,-0.0944729947179597,88.07895637022604
0.25209828432435005,-0.23202694125699672,0.14921212900147476,0.01353050317754654,88.16703532659626
-0.05435416944702203,-0.0701213939757334,-0.07525742718582584,-0.4358907534821124,88.25520236192285
-0.07925184598154764,-0.004791063002833986,-0.01552052852765877,-0.039155590272723265,88.34345756428478
-0.10165497244744864,0.02374591078600307,0.06443570283836957,0.0458129600015869,88.43180102184905
-0.04859464850561865,0.12373894276490374,-0.06685459303433149,-0.2026511751622224,88.5202328228709
-0.03819572791191689,-0.06284127941149831,-0.18884504857651188,0.07505519120913332,88.60875305569377
0.06617783691952514,0.25499594885884164,-0.08479826517432731,0.13090232321922776,88.69736180874946
-0.015919418903584236,0.02549482132944543,0.03972643670179256,0.11690457094389597,88.7860591705582
-0.22226958219897994,-0.04623754537274383,0.055376644356844154,0.02006077369844822,88.87484522972876
0.024545137096578216,0.04550896308244166,-0.03109374077850981,-0.02643667680161475,88.96372007495849
0.1654538314824956,0.23255096874095696,0.1080007156489651,-0.06946846904619695,89.05268379503345
0.27686244666968757,0.10100119737776932,-0.14436018987587595,-0.14016731635619245,89.14173647882848
-0.08237089339968143,-0.057775832191363015,0.07194320931452919,0.0878801959344983,89.2308782153073
0.011105746177799214,0.013805957789054695,-0.04809945411557069,-0.004790992788878071,89.3201090935226
0.17129420557526207,0.03614543331905099,-0.17374523407934922,-0.12380954042410074,89.40942920261612
-0.10489067036886945,0.07375585146529696,0.023447290384598488,-0.26605918147262275,89.49883863181874
0.0853116007118772,0.04427953838026177,0.07607849236335623,-0.05248108258129477,89.58833747045055
-0.05615337245815135,-0.007683323798562167,-0.11849706731840713,-0.03924178944304033,89.677925807921
-0.0029769394120194685,-0.14565108322600226,0.11476073574731974,0.08008691319849805,89.76760373372892
-0.052894565417130356,0.014992812635391803,0.12204495422807574,-0.07435370253151276,89.85737133746264
0.04554475448176985,-0.011266381190983289,0.021025201501052415,0.04765131121654986,89.9472287088001
0.072518799982484,0.058698180408904184,-0.11545991401981856,0.1410528488303095,90.03717593750889
-0.022025592701064117,-0.14499046868959203,-0.1917544841092131,0.06685444227492703,90.1272131134464
0.015423958565425583,0.031999541010245956,-0.08239822091208426,0.0440742196975203,90.21734032655985
0.04853148662343973,-0.14192397303703974,0.018037082651651187,-0.09806486953858431,90.30755766688641
-0.02424130773225971,-0.11154748461323001,0.10359756851301129,-0.04164348929372623,90.3978652245533
0.027722735709990537,-0.029863179198653052,0.057593841076742924,0.025302727110721707,90.48826308977785
-0.009506797757909408,-0.06817049383704457,0.01586638419559909,0.09119495367069015,90.57875135286763
-0.08581586380763007,-0.0037879313393364353,0.045329964661028024,-0.0133410174733273,90.66933010422049
-0.0030351770817929214,0.04399996571773867,-0.05080933452486148,-0.11214455749461454,90.75999943432471
0.07676009496795658,-0.2714709375567361,0.02215472283145406,-0.11478200801797779,90.85075943375904
-0.049986776385176755,-0.047406195150413916,0.19359517733790718,-0.18329445036897032,90.94161019319279
-0.11692583816512944,-0.003771055395195174,-0.17809845145602457,0.005228519465252223,91.03255180338597
-0.10753980018524924,-0.07373240115100581,-0.0032747215901146806,0.25218449845834273,91.12358435518935
0.063753196623331,0.14438504878913447,-0.017004470380571873,-0.18776689151992954,91.21470793954454
0.011201473665719499,-0.002227597794974501,-0.13682637044359833,-0.1778120229021028,91.30592264748408
0.0069828957701270475,0.14344747776929906,0.2002258447145328,-0.37856370472857337,91.39722857013156
0.09030449743689387,0.1150709952311736,0.16010974962224056,0.2766816233917145,91.48862579870169
0.14358178556544068,-0.14306475488611314,-0.00016712738880419672,0.21218100529330294,91.5801144245004
0.007591162034298432,-0.039014150039368055,0.04322606045647189,0.057203028246550505,91.6716945389249
0.011426567172969384,-0.11919268343574024,-0.08246826420085142,-0.11039037313890444,91.76336623346381
-0.20864687014490457,-0.07255203269922993,-0.010894147160983135,0.053604788572671924,91.85512959969728
-0.09615123385017026,0.09947347783191418,-0.1550451001784177,0.18952595659983676,91.94698472929697
-0.18149805547409667,-0.14394982308618995,-0.020879063521774266,0.0895074125918138,92.03893171402626
0.0144658182088662,0.0322353165045783,0.06675435309453834,-0.03900827703282374,92.13097064574029
0.2378630785116893,0.04452431028388216,0.09460536856075992,-0.48499158745845855,92.22310161638603
-0.09240268884383408,-0.13651327595155244,-0.08374745905673808,-0.015115438503965031,92.31532471800242
0.3287734845577842,0.005835887484547441,0.19355353998943933,-0.012261849052497303,92.40764004272042
-0.05689504717623051,0.3066425624846858,-0.06479718878037904,0.02271131618923694,92.50004768276314
0.23172857699136293,0.030133900838596787,0.10512659146895205,0.05083476595473539,92.5925477304459
0.04955836271026104,-0.018668061866687635,0.020017488578602822,-0.004566439946129501,92.68514027817635
-0.02906596427974874,-0.200050390217855,0.07536857151874271,0.05848079305004046,92.77782541845453
0.01787821405448109,0.0062192557008366785,-0.03855225704810094,-0.08523458520838693,92.87060324387298
0.05431282366186824,-0.07263542960382446,0.04539399245599334,-0.11082555034332824,92.96347384711684
0.21978398666511195,0.025656426484170027,0.06647471931651402,0.07483503875751621,93.05643732096397
-0.01710989070133741,-0.013337510911897433,0.25303939090309435,-0.22753837523934692,93.14949375828493
-0.0744467259324733,0.1408810292543774,0.07351628424114301,-0.01754608717266055,93.24264325204321
0.010626454385460619,0.2058930345081779,0.11997015718729416,0.002171112921107301,93.33588589529525
-0.03346598152043647,-0.09462114810252026,0.00039595187978377406,0.013915805235672292,93.42922178119053
0.04776606653126981,-0.10774393506491552,-0.0800370506638372,0.19180629855087566,93.52265100297173
-0.03199575167070348,0.16010807188068246,-0.0026435205439011306,-0.07451055905226278,93.6161736539747
-0.07372542119564285,0.048985134157045224,0.05060143678405839,0.019759571612228227,93.70978982762867
0.09726885202705202,0.1194097106731442,-0.09651343480345854,-0.012194712138030599,93.8034996174563
0.042872867065158665,-0.0680833673428814,-0.07206367026835118,0.1164175989253002,93.89730311707375
-0.048929041708876325,-0.04398941229757876,0.009529297360504108,0.04835691200840234,93.99120042019082
0.14211218354390823,-0.0211643388638758,-0.05107487869193442,0.008525714820643149,94.08519162061101
0.005248024031091908,-0.06764162508150562,0.008688558305787918,-0.023695525839730686,94.17927681223162
-0.09818054579233049,0.03186270727910806,0.009058708295598288,-0.15723708899897526,94.27345608904385
-0.09184138780925087,-0.22908933419807773,-0.0003192491908065975,-0.05182884316563098,94.36772954513289
0.12565347833560414,-0.04779827358590182,0.15527986701042362,-0.028762647901797667,94.46209727467802
0.000152020568339609,0.19408626993694156,0.16382479792346066,-0.06506505963650562,94.55655937195269
-0.03373716511062666,-0.021429084905186215,-0.058118316833795716,0.030152250119673367,94.65111593132464
-0.04374739944702998,0.015438367343842274,0.18881348825810504,0.2832020009216946,94.74576704725597
0.027313455806293244,-0.08864089336324356,-0.17646298669709332,-0.04822946657544814,94.84051281430322
-0.10855432153798648,-0.02780120356735413,-0.0412577311593534,0.14508269570525562,94.93535332711753
-0.005460554361865037,-0.08152858473691812,0.03454059463997471,0.050295832039512094,95.03028868044464
0.0010483106885987893,0.2527512429576683,-0.03611295997647624,0.0819176986458691,95.12531896912509
-0.025353463432947247,0.016932829276778368,0.1122053686654074,-0.09742034483781624,95.22044428809421
0.038099519177857255,0.021479947938427578,0.009135754827680635,-0.06845816419660235,95.3156647323823
-0.07844767291336853,0.04652401122069033,-0.027275897192398008,0.130785515907734,95.41098039711468
0.12500103952025265,0.03373924902380686,-0.05506261744956263,-0.15274586087304545,95.50639137751179
-0.09232341772656572,-0.21805128501934437,-0.13692811980110403,-0.11769657895000593,95.6018977688893
-0.23772810448719262,0.01608746460507169,0.0067673992319653015,0.19393825674048384,95.69749966665819
0.1103958938942654,0.017796719278252864,0.1800749093959268,0.08202410316438868,95.79319716632484
0.002295344404348347,0.14741777854407023,-0.21263723923788377,0.0910787573886996,95.88899036349116
0.05215284016454995,-0.00884039672150812,-0.09530559640128097,0.07510639364460765,95.98487935385465
0.11749314421755372,-0.006512333347174353,-0.13669294973533525,0.13482834531174553,96.0808642332085
0.1496793105961541,0.025744944623732176,-0.10774163554198272,-0.12920874163105434,96.1769450974417
-0.04162915313587545,-0.06848552561874878,-0.22481307206799447,-0.11084839192819469,96.27312204253914
0.15371188702933195,-0.08486477706588405,-0.03670458781513194,-0.13132704705391143,96.36939516458168
-0.00950672383089208,-0.01994576605439621,0.054212784313028964,-0.24803060091063298,96.46576455974625
0.07008577230172418,-0.009723329033733139,0.09519070396299972,0.048946218175083066,96.56223032430599
0.004946719209940568,0.04791017718266229,-0.007382810285200355,-0.07226974003430423,96.6587925546303
-0.12376867720715498,0.04710412425647227,0.0015770132735522828,0.1456238553912394,96.75545134718492
-0.028244608009058345,-0.04970450259230874,-0.009078605822127139,-0.046105225141866615,96.8522067985321
-0.05098368246433507,0.08886909933321366,0.020733138599569732,-0.25183183631033373,96.94905900533062
0.22275346367022772,0.021621555388527263,0.06687954673487309,-0.033902711944947206,97.04600806433595
-0.09682900460745032,-0.026489163456219003,0.012929839850632422,0.031918784024519385,97.14305407240029
-0.036625891035879876,-0.06844946078507037,0.24844743379990672,0.08650950509061392,97.24019712647268
-0.1661427821200614,-0.002198330700876317,0.42504936254930664,0.04478808240527641,97.33743732359915
-0.041920580097133495,-0.022766552720067286,0.03711409395387944,-0.11913905019445534,97.43477476092275
-0.0013240882853772836,-0.09596837500277605,0.02230155111069694,0.10134355706238038,97.53220953568366
0.5232673899439639,-0.3597352826301476,-0.03306219486692116,-0.05728004125465613,97.62974174521935
0.0912728615134285,0.10845962839567913,0.14203466529361145,-0.07756944385764973,97.72737148696457
-0.022123079325245352,-0.05502693186940441,-0.045239961641620516,-0.13959543509709915,97.82509885845154
0.03767014960417332,0.05548404387829062,-0.068631472297412,-0.17052032247515483,97.92292395730999
-0.016082456886969708,-0.12813702963091114,0.049472296781094244,0.01574557852071469,98.0208468812673
-0.053256923899297114,-0.11248450304684542,-0.009261066653864981,-0.13184728407236723,98.11886772814857
-0.1856479325831601,0.13936626574187036,0.006146737827479685,-0.03971034362845503,98.21698659587672
0.03278906227685302,0.12102794425230781,0.08729390035321302,-0.04768907279086003,98.31520358247259
-0.002911679082492067,-0.004715365326082828,0.03957962846673838,0.013414603261017458,98.41351878605506
0.07929523343793252,0.198561575950238,0.01589023181010841,0.04818328546979299,98.51193230484111
0.004577752746827526,-0.05873511005233726,0.18928882641682898,0.04681965928970146,98.61044423714594
0.0943589894554949,0.030265282656059926,0.19026550339318332,-0.01760190780510074,98.70905468138308
-0.13075883542825467,0.035001200171443134,0.04527799802471352,0.11792843532669278,98.80776373606446
-0.16750352143604869,-0.02057392398828647,-0.06165551592830833,0.18191448802163424,98.90657149980052
-0.01731539110539315,0.017958446698912053,0.22668612713666733,-0.2659725681077008,99.00547807130032
0.08750229239900746,0.17212013998366785,0.08980744436582834,-0.09179815303023894,99.10448354937161
-0.3942592262315999,-0.05419796070353466,-0.01050574460330356,0.04757176106500189,99.20358803292098
-0.02053569437762527,0.06950352123025391,0.009172357313485275,-0.16504674590036916,99.3027916209539
0.12055551648439863,0.17345475257476545,-0.05949342225645382,0.07883235694691061,99.40209441257485
-0.05446413011278355,0.08259425686843684,0.03966452913244276,-0.06034722720216154,99.50149650698742
-0.02895609398038943,0.04579417268967925,0.008852852705470001,-0.0921659969945276,99.60099800349441
-0.05081569624492748,-0.10579113122913374,-0.06594805081150867,0.15634087962321577,99.7005990014979
0.2642173569542128,-0.041911518189542925,0.09474791683562205,-0.0828096927781568,99.8002996004994
-0.039057208474699776,-0.09644028890001805,-0.09482851288108902,0.09268297395828623,99.9000999000999
0.24836118558137163,0.0993102666096028,0.0325653655473304,0.2779551631877812,100.0
